.009, 306
.035, 318
.053, 324
.073, 332
.088, 338
.110, 342
.123, 346
.147, 352
.168, 358
.206, 366
.224, 370
.237, 372
.251, 374
.267, 378
.299, 380
.319, 390
.341, 396
.364, 402
.384, 404
.398, 408
.415, 408
.429, 412
.444, 414
.461, 418
.490, 422
.508, 426
.527, 428
.542, 430
.557, 430
.573, 432
.586, 432
.602, 436
.616, 436
.628, 436
.643, 436
.656, 434
.670, 434
.683, 436
.708, 438
.726, 440
.745, 444
.762, 446
.780, 448
.793, 448
.810, 448
.825, 448
.839, 450
.860, 450
.875, 452
.888, 452
.902, 452
.915, 452
.928, 452
.941, 450
.953, 450
.966, 448
.978, 448
.990, 448
1.002, 446
1.015, 446
1.027, 446
1.039, 444
1.052, 444
1.067, 444
1.080, 444
1.103, 446
1.121, 446
1.134, 446
1.147, 446
1.160, 446
1.172, 446
1.184, 446
1.198, 446
1.217, 448
1.236, 450
1.251, 452
1.267, 452
1.283, 452
1.309, 454
1.330, 456
1.351, 456
1.365, 458
1.386, 460
1.406, 462
1.419, 462
1.439, 462
1.454, 462
1.476, 464
1.508, 466
1.529, 468
1.544, 468
1.558, 468
1.573, 468
1.593, 468
1.605, 466
1.618, 464
1.630, 462
1.643, 462
1.655, 460
1.667, 460
1.679, 458
1.693, 458
1.707, 458
1.725, 458
1.739, 458
1.757, 460
1.781, 462
1.801, 464
1.830, 468
1.856, 470
1.883, 472
1.911, 476
1.934, 476
1.949, 478
1.965, 478
1.985, 480
2.004, 482
2.026, 480
2.049, 480
2.079, 482
2.095, 482
2.116, 484
2.130, 486
2.149, 484
2.163, 484
2.177, 484
2.196, 484
2.209, 484
2.222, 482
2.235, 482
2.248, 480
2.263, 480
2.276, 478
2.288, 478
2.301, 476
2.314, 476
2.327, 476
2.340, 476
2.354, 476
2.369, 476
2.383, 474
2.400, 476
2.415, 476
2.431, 478
2.443, 478
2.459, 478
2.472, 476
2.485, 476
2.500, 476
2.513, 476
2.531, 478
2.545, 478
2.557, 476
2.570, 474
2.583, 474
2.596, 474
2.609, 474
2.622, 472
2.634, 472
2.647, 472
2.659, 470
2.673, 470
2.686, 470
2.699, 470
2.712, 468
2.727, 468
2.742, 470
2.761, 472
2.778, 474
2.791, 474
2.804, 474
2.816, 472
2.829, 472
2.842, 470
2.859, 470
2.874, 472
2.889, 472
2.909, 474
2.923, 474
2.937, 474
2.950, 472
2.963, 472
2.977, 470
2.991, 472
3.014, 474
3.038, 476
3.057, 474
3.071, 476
3.089, 476
3.105, 478
3.118, 476
3.130, 474
3.142, 472
3.159, 472
3.185, 474
3.199, 474
3.229, 478
3.245, 478
3.280, 482
3.300, 482
3.313, 482
3.339, 482
3.363, 484
3.379, 486
3.404, 486
3.420, 488
3.438, 490
3.452, 488
3.465, 488
3.482, 488
3.495, 486
3.512, 486
3.526, 484
3.542, 486
3.566, 484
3.585, 484
3.603, 484
3.622, 486
3.637, 486
3.669, 488
3.688, 486
3.707, 488
3.721, 490
3.738, 490
3.755, 490
3.769, 488
3.782, 488
3.796, 486
3.811, 488
3.824, 486
3.862, 490
3.876, 488
3.890, 488
3.904, 490
3.930, 490
3.945, 490
3.958, 490
3.986, 488
4.006, 490
4.025, 492
4.040, 490
4.059, 492
4.082, 492
4.099, 492
4.120, 492
4.142, 494
4.157, 492
4.175, 492
4.190, 492
4.209, 492
4.225, 492
4.249, 494
4.274, 492
4.297, 492
4.314, 492
4.327, 492
4.352, 492
4.372, 492
4.391, 490
4.404, 488
4.424, 486
4.447, 488
4.463, 488
4.478, 488
4.496, 486
4.528, 486
4.562, 486
4.580, 488
4.595, 488
4.613, 488
4.628, 488
4.645, 488
4.664, 488
4.683, 490
4.697, 490
4.712, 490
4.737, 488
4.750, 486
4.765, 486
4.781, 484
4.802, 484
4.828, 486
4.845, 488
4.860, 488
4.874, 488
4.890, 488
4.911, 488
4.927, 488
4.948, 488
4.971, 490
4.984, 490
4.997, 490
5.012, 490
5.027, 490
5.046, 488
5.059, 486
5.072, 484
5.084, 482
5.096, 482
5.109, 482
5.121, 482
5.134, 480
5.148, 478
5.169, 476
5.181, 474
5.197, 474
5.213, 474
5.227, 474
5.248, 474
5.260, 474
5.277, 472
5.292, 472
5.307, 478
5.322, 482
5.345, 488
5.369, 496
5.389, 502
5.409, 508
5.437, 518
5.459, 524
5.486, 532
5.509, 534
5.537, 540
5.554, 544
5.570, 546
5.585, 550
5.599, 552
5.612, 554
5.625, 556
5.638, 556
5.650, 556
5.665, 558
5.678, 560
5.690, 560
5.703, 562
5.715, 562
5.728, 560
5.741, 562
5.753, 562
5.766, 564
5.781, 564
5.796, 566
5.821, 570
5.847, 572
5.863, 574
5.877, 576
5.891, 578
5.906, 578
5.925, 580
5.942, 580
5.956, 580
5.982, 580
6.001, 582
6.014, 582
6.034, 582
6.054, 584
6.077, 586
6.096, 586
6.119, 586
6.138, 590
6.153, 590
6.167, 590
6.183, 592
6.201, 592
6.221, 592
6.240, 594
6.255, 594
6.269, 594
6.282, 594
6.295, 594
6.308, 592
6.324, 592
6.337, 594
6.349, 594
6.362, 592
6.374, 592
6.387, 592
6.400, 592
6.413, 592
6.426, 592
6.440, 592
6.460, 592
6.473, 594
6.491, 594
6.505, 596
6.523, 596
6.536, 596
6.549, 596
6.563, 596
6.577, 594
6.592, 596
6.614, 594
6.628, 596
6.647, 598
6.664, 596
6.680, 596
6.706, 598
6.727, 598
6.742, 600
6.759, 602
6.779, 602
6.797, 602
6.818, 604
6.838, 604
6.866, 604
6.888, 602
6.902, 602
6.917, 602
6.934, 602
6.946, 602
6.961, 600
6.974, 600
6.992, 600
7.010, 600
7.024, 600
7.036, 600
7.048, 598
7.061, 598
7.073, 598
7.086, 598
7.100, 598
7.117, 598
7.145, 600
7.161, 602
7.174, 602
7.186, 600
7.200, 598
7.214, 596
7.228, 598
7.243, 600
7.256, 600
7.268, 598
7.281, 596
7.293, 596
7.305, 598
7.318, 596
7.331, 596
7.344, 594
7.357, 596
7.376, 598
7.391, 598
7.408, 598
7.427, 598
7.440, 596
7.452, 596
7.465, 594
7.479, 594
7.494, 594
7.509, 592
7.534, 592
7.551, 592
7.564, 592
7.577, 592
7.590, 592
7.603, 592
7.616, 592
7.633, 592
7.656, 592
7.668, 592
7.681, 590
7.693, 590
7.706, 588
7.718, 590
7.731, 590
7.748, 590
7.762, 592
7.780, 592
7.798, 592
7.813, 592
7.830, 594
7.843, 594
7.856, 594
7.871, 596
7.886, 594
7.910, 596
7.924, 598
7.938, 596
7.953, 598
7.966, 598
7.979, 598
7.992, 596
8.008, 598
8.024, 596
8.042, 598
8.057, 600
8.073, 600
8.085, 598
8.097, 596
8.110, 598
8.123, 596
8.136, 598
8.151, 598
8.167, 598
8.186, 596
8.206, 598
8.220, 598
8.233, 596
8.246, 596
8.259, 596
8.272, 596
8.290, 596
8.306, 598
8.325, 596
8.340, 598
8.353, 598
8.365, 598
8.378, 598
8.391, 598
8.406, 598
8.422, 598
8.442, 600
8.459, 602
8.472, 602
8.484, 600
8.497, 600
8.509, 598
8.522, 598
8.536, 598
8.551, 600
8.565, 598
8.588, 600
8.601, 600
8.614, 600
8.627, 600
8.640, 600
8.653, 600
8.665, 600
8.678, 600
8.691, 598
8.703, 598
8.716, 598
8.728, 596
8.741, 598
8.754, 598
8.781, 598
8.804, 598
8.834, 600
8.851, 600
8.867, 600
8.881, 602
8.896, 602
8.912, 604
8.926, 604
8.943, 602
8.961, 602
8.976, 602
8.990, 602
9.005, 600
9.020, 602
9.038, 602
9.062, 604
9.086, 604
9.104, 604
9.119, 604
9.136, 604
9.151, 604
9.165, 604
9.181, 602
9.195, 602
9.209, 602
9.226, 600
9.253, 604
9.270, 604
9.284, 602
9.299, 604
9.327, 606
9.345, 606
9.360, 608
9.375, 608
9.397, 608
9.412, 608
9.426, 608
9.445, 608
9.470, 608
9.484, 608
9.499, 608
9.533, 608
9.549, 608
9.566, 608
9.590, 610
9.608, 610
9.626, 610
9.641, 610
9.665, 612
9.686, 612
9.698, 612
9.716, 612
9.735, 612
9.754, 610
9.772, 610
9.796, 606
9.812, 604
9.826, 600
9.855, 594
9.882, 588
9.902, 584
9.929, 580
9.949, 574
9.964, 572
9.983, 568
10.001, 564
10.015, 560
10.030, 558
10.050, 556
10.068, 552
10.090, 550
10.109, 548
10.132, 546
10.160, 544
10.188, 542
10.217, 538
10.243, 536
10.265, 534
10.282, 532
10.296, 530
10.314, 528
10.329, 526
10.346, 522
10.359, 518
10.373, 516
10.386, 514
10.401, 512
10.415, 512
10.444, 514
10.460, 514
10.476, 512
10.491, 512
10.513, 512
