.016, 300
.054, 320
.071, 324
.087, 330
.103, 334
.126, 340
.145, 346
.188, 354
.211, 362
.224, 364
.239, 368
.252, 370
.289, 380
.327, 388
.358, 398
.380, 400
.393, 402
.408, 404
.423, 406
.436, 406
.455, 410
.467, 410
.483, 412
.501, 416
.516, 416
.531, 418
.544, 420
.558, 420
.571, 420
.590, 422
.605, 424
.632, 426
.658, 428
.677, 430
.692, 432
.708, 434
.732, 438
.754, 440
.768, 442
.783, 442
.797, 444
.809, 442
.822, 442
.836, 442
.853, 442
.873, 442
.888, 444
.903, 444
.927, 444
.939, 444
.953, 442
.966, 442
.983, 442
.996, 442
1.015, 444
1.029, 446
1.045, 446
1.059, 448
1.074, 448
1.093, 450
1.118, 452
1.131, 452
1.149, 454
1.164, 456
1.182, 458
1.199, 458
1.233, 462
1.255, 462
1.279, 464
1.302, 466
1.316, 466
1.331, 466
1.344, 466
1.358, 464
1.371, 464
1.383, 462
1.395, 462
1.407, 460
1.419, 460
1.431, 458
1.443, 458
1.455, 456
1.468, 456
1.482, 454
1.494, 454
1.506, 454
1.518, 452
1.530, 452
1.543, 450
1.555, 450
1.567, 448
1.580, 448
1.593, 448
1.610, 448
1.632, 450
1.661, 452
1.678, 452
1.691, 452
1.707, 454
1.730, 458
1.750, 460
1.770, 462
1.787, 466
1.809, 470
1.825, 472
1.856, 474
1.876, 478
1.901, 480
1.927, 484
1.949, 482
1.974, 486
1.991, 486
2.006, 486
2.033, 486
2.047, 488
2.067, 490
2.088, 488
2.103, 490
2.122, 490
2.135, 490
2.157, 492
2.202, 492
2.224, 496
2.240, 496
2.265, 494
2.296, 494
2.315, 494
2.329, 492
2.350, 494
2.375, 494
2.393, 494
2.414, 494
2.435, 496
2.454, 496
2.474, 498
2.501, 500
2.521, 500
2.538, 500
2.554, 500
2.569, 500
2.586, 500
2.607, 500
2.643, 500
2.660, 498
2.673, 496
2.686, 496
2.699, 494
2.712, 494
2.726, 492
2.742, 492
2.762, 492
2.780, 494
2.793, 494
2.806, 492
2.819, 490
2.832, 490
2.846, 488
2.860, 488
2.873, 488
2.894, 488
2.911, 488
2.926, 488
2.938, 488
2.950, 486
2.962, 482
2.976, 482
2.993, 482
3.009, 482
3.028, 484
3.041, 482
3.053, 482
3.066, 480
3.079, 480
3.092, 480
3.106, 478
3.119, 478
3.133, 478
3.145, 476
3.159, 476
3.177, 476
3.197, 480
3.215, 482
3.228, 480
3.242, 480
3.256, 482
3.275, 482
3.290, 482
3.305, 484
3.318, 484
3.331, 482
3.344, 482
3.358, 480
3.371, 480
3.384, 480
3.402, 480
3.420, 480
3.442, 480
3.458, 480
3.472, 480
3.485, 478
3.499, 478
3.512, 478
3.525, 476
3.538, 476
3.550, 476
3.563, 474
3.581, 474
3.599, 476
3.620, 476
3.636, 478
3.651, 478
3.676, 478
3.689, 478
3.701, 476
3.714, 476
3.732, 476
3.745, 476
3.763, 478
3.778, 478
3.800, 480
3.815, 480
3.832, 480
3.859, 482
3.889, 484
3.912, 482
3.927, 484
3.942, 484
3.961, 486
3.978, 488
4.000, 490
4.025, 492
4.047, 494
4.062, 494
4.103, 496
4.117, 496
4.142, 496
4.160, 496
4.179, 496
4.202, 496
4.220, 496
4.236, 498
4.252, 498
4.276, 498
4.306, 496
4.327, 494
4.348, 494
4.363, 496
4.378, 496
4.392, 496
4.417, 494
4.451, 496
4.467, 496
4.481, 496
4.496, 496
4.508, 494
4.521, 492
4.534, 490
4.548, 490
4.561, 490
4.577, 490
4.596, 490
4.610, 488
4.623, 488
4.636, 486
4.648, 484
4.661, 482
4.673, 480
4.686, 480
4.702, 480
4.717, 480
4.745, 482
4.758, 480
4.770, 478
4.781, 476
4.794, 474
4.807, 474
4.820, 474
4.844, 476
4.861, 478
4.877, 478
4.892, 478
4.905, 478
4.918, 476
4.930, 476
4.943, 476
4.957, 474
4.970, 474
4.989, 476
5.007, 476
5.022, 478
5.048, 478
5.065, 478
5.079, 478
5.095, 478
5.109, 478
5.123, 478
5.140, 480
5.167, 482
5.182, 482
5.196, 482
5.214, 482
5.231, 484
5.245, 484
5.258, 484
5.275, 494
5.298, 516
5.317, 536
5.337, 556
5.352, 568
5.367, 580
5.383, 592
5.409, 608
5.428, 620
5.444, 630
5.459, 642
5.475, 652
5.489, 660
5.503, 666
5.517, 672
5.533, 682
5.548, 690
5.562, 700
5.577, 708
5.591, 714
5.607, 720
5.620, 728
5.635, 732
5.648, 738
5.667, 736
5.683, 742
5.706, 746
5.721, 756
5.735, 762
5.754, 768
5.780, 776
5.802, 782
5.816, 786
5.831, 792
5.845, 798
5.858, 800
5.873, 800
5.888, 802
5.906, 808
5.919, 808
5.936, 812
5.951, 814
5.965, 812
5.978, 810
5.991, 814
6.016, 820
6.030, 824
6.052, 828
6.067, 832
6.090, 834
6.107, 840
6.123, 842
6.142, 846
6.159, 848
6.176, 850
6.195, 854
6.223, 856
6.245, 862
6.261, 862
6.282, 866
6.316, 868
6.336, 836
6.362, 816
6.386, 802
6.403, 784
6.416, 774
6.429, 764
6.461, 750
6.484, 728
6.500, 718
6.524, 704
6.539, 696
6.551, 688
6.564, 680
6.577, 672
6.590, 666
6.605, 660
6.626, 652
6.650, 642
6.667, 636
6.681, 632
6.701, 626
6.714, 620
6.728, 614
6.743, 608
6.756, 602
6.769, 596
6.783, 592
6.796, 586
6.808, 580
6.821, 576
6.834, 572
6.849, 568
6.864, 562
6.879, 560
6.899, 558
6.912, 554
6.930, 552
6.943, 548
6.956, 544
6.968, 542
6.981, 538
6.994, 536
7.013, 534
7.040, 532
