.007, 310
.027, 318
.040, 324
.057, 330
.075, 336
.089, 342
.106, 346
.119, 350
.139, 354
.185, 364
.224, 372
.242, 376
.256, 378
.271, 380
.292, 384
.316, 392
.352, 400
.367, 404
.383, 408
.400, 410
.416, 410
.429, 412
.453, 416
.468, 416
.494, 420
.520, 426
.534, 428
.547, 428
.564, 430
.578, 432
.593, 434
.621, 436
.639, 438
.667, 442
.684, 446
.698, 446
.717, 446
.731, 448
.763, 450
.782, 454
.794, 454
.806, 454
.818, 452
.831, 452
.843, 452
.855, 450
.868, 450
.881, 450
.897, 450
.910, 450
.930, 452
.943, 450
.955, 450
.967, 448
.980, 448
.992, 446
1.010, 446
1.025, 446
1.048, 450
1.069, 454
1.082, 454
1.098, 454
1.113, 454
1.128, 454
1.145, 456
1.164, 456
1.178, 454
1.203, 458
1.220, 460
1.237, 460
1.251, 460
1.266, 460
1.281, 460
1.297, 460
1.313, 460
1.330, 462
1.345, 462
1.361, 462
1.381, 462
1.394, 462
1.407, 460
1.422, 460
1.437, 460
1.451, 460
1.471, 462
1.489, 464
1.505, 464
1.522, 462
1.536, 462
1.552, 464
1.570, 464
1.585, 464
1.597, 462
1.616, 464
1.632, 464
1.650, 466
1.665, 466
1.693, 464
1.714, 466
1.735, 468
1.754, 472
1.778, 474
1.798, 476
1.822, 480
1.842, 482
1.861, 482
1.879, 482
1.895, 482
1.910, 484
1.924, 482
1.938, 482
1.953, 482
1.969, 482
1.987, 482
2.002, 482
2.023, 482
2.051, 484
2.067, 486
2.095, 486
2.133, 488
2.163, 492
2.182, 492
2.211, 492
2.228, 492
2.264, 492
2.292, 494
2.319, 496
2.335, 496
2.360, 494
2.380, 494
2.396, 494
2.409, 494
2.430, 494
2.451, 494
2.465, 494
2.478, 492
2.491, 490
2.506, 492
2.522, 490
2.545, 492
2.569, 494
2.589, 492
2.603, 492
2.616, 492
2.641, 492
2.657, 490
2.672, 492
2.695, 490
2.712, 490
2.726, 490
2.738, 488
2.751, 488
2.764, 486
2.786, 484
2.800, 482
2.813, 482
2.826, 480
2.838, 478
2.851, 476
2.864, 476
2.879, 474
2.894, 474
2.910, 476
2.923, 474
2.939, 474
2.957, 476
2.971, 476
2.983, 474
2.998, 474
3.012, 474
3.028, 476
3.043, 476
3.057, 478
3.072, 478
3.086, 478
3.103, 480
3.116, 478
3.129, 478
3.142, 476
3.155, 476
3.169, 476
3.186, 478
3.202, 480
3.234, 480
3.252, 482
3.276, 484
3.293, 484
3.341, 484
3.384, 488
3.401, 486
3.424, 486
3.448, 486
3.478, 488
3.491, 486
3.505, 486
3.542, 484
3.557, 486
3.570, 484
3.583, 484
3.597, 484
3.613, 484
3.631, 486
3.660, 488
3.680, 488
3.704, 488
3.722, 488
3.746, 490
3.768, 490
3.793, 490
3.808, 490
3.823, 490
3.840, 490
3.853, 490
3.871, 488
3.890, 488
3.906, 486
3.927, 488
3.949, 490
3.963, 490
3.981, 490
4.017, 494
4.046, 496
4.068, 496
4.086, 496
4.116, 496
4.138, 498
4.153, 496
4.170, 496
4.187, 496
4.203, 496
4.228, 496
4.244, 494
4.260, 494
4.291, 492
4.313, 492
4.340, 490
4.358, 492
4.375, 490
4.392, 490
4.409, 490
4.424, 488
4.437, 486
4.450, 486
4.463, 486
4.476, 484
4.487, 482
4.499, 480
4.511, 478
4.524, 476
4.539, 476
4.555, 474
4.570, 476
4.602, 478
4.621, 478
4.637, 478
4.652, 480
4.672, 480
4.685, 478
4.697, 476
4.710, 476
4.722, 476
4.735, 474
4.748, 474
4.763, 472
4.775, 472
4.788, 472
4.801, 472
4.822, 474
4.839, 472
4.856, 472
4.875, 472
4.890, 472
4.904, 472
4.920, 474
4.936, 476
4.967, 476
4.981, 476
5.002, 476
5.019, 476
5.042, 476
5.070, 480
5.087, 480
5.101, 480
5.118, 480
5.137, 482
5.162, 482
5.175, 482
5.195, 482
5.217, 482
5.232, 482
5.248, 482
5.261, 480
5.282, 488
5.297, 500
5.316, 514
5.337, 532
5.358, 548
5.379, 562
5.406, 574
5.426, 584
5.444, 594
5.473, 612
5.489, 618
5.506, 626
5.522, 632
5.544, 640
5.559, 646
5.574, 650
5.590, 656
5.608, 662
5.630, 670
5.646, 676
5.664, 682
5.695, 690
5.716, 694
5.732, 700
5.769, 704
5.789, 714
5.812, 718
5.841, 724
5.861, 728
5.878, 732
5.893, 736
5.912, 740
5.928, 742
5.946, 744
5.960, 744
5.979, 746
5.996, 748
6.020, 750
6.039, 754
6.063, 758
6.077, 760
6.112, 764
6.127, 768
6.142, 770
6.166, 772
6.191, 774
6.207, 776
6.224, 778
6.240, 780
6.255, 782
6.269, 784
6.285, 784
6.312, 786
6.329, 788
6.355, 790
6.383, 794
6.404, 796
6.427, 798
6.453, 800
6.473, 802
6.495, 802
6.520, 806
6.534, 806
6.556, 806
6.573, 804
6.589, 806
6.608, 808
6.628, 806
6.653, 806
6.691, 808
6.710, 804
6.728, 790
6.749, 776
6.768, 762
6.791, 748
6.822, 732
6.836, 720
6.859, 708
6.875, 698
6.892, 690
6.907, 680
6.923, 672
6.939, 662
6.956, 656
6.974, 648
6.992, 642
7.016, 634
7.032, 626
7.048, 620
7.065, 614
7.082, 608
7.101, 602
7.116, 596
7.131, 590
7.144, 586
7.157, 580
7.173, 574
7.187, 570
7.201, 566
7.216, 562
7.231, 560
7.249, 556
7.264, 552
7.285, 548
7.300, 542
7.316, 540
7.339, 538
7.354, 534
7.373, 532
7.391, 532
7.405, 530
7.426, 528
7.442, 526
