.016, 308
.049, 326
.076, 332
.094, 342
.110, 346
.126, 350
.148, 354
.193, 364
.214, 370
.226, 372
.239, 376
.254, 378
.267, 380
.282, 382
.298, 386
.314, 390
.327, 392
.355, 398
.376, 404
.396, 406
.419, 412
.438, 414
.461, 416
.473, 416
.486, 416
.498, 416
.511, 418
.524, 418
.536, 418
.549, 418
.561, 418
.574, 420
.595, 422
.608, 422
.629, 424
.652, 426
.672, 428
.685, 428
.697, 428
.716, 428
.729, 430
.742, 430
.763, 430
.776, 432
.793, 434
.807, 434
.819, 434
.834, 434
.850, 434
.867, 438
.884, 440
.912, 442
.927, 442
.943, 444
.957, 444
.974, 446
.989, 446
1.005, 446
1.025, 448
1.049, 450
1.063, 452
1.082, 450
1.098, 452
1.120, 454
1.132, 454
1.147, 454
1.162, 456
1.175, 456
1.193, 458
1.217, 458
1.249, 458
1.266, 460
1.292, 460
1.308, 460
1.328, 462
1.343, 462
1.362, 462
1.380, 464
1.398, 464
1.412, 464
1.430, 464
1.443, 466
1.456, 466
1.479, 464
1.491, 464
1.506, 462
1.522, 462
1.537, 462
1.550, 460
1.567, 460
1.581, 462
1.596, 462
1.610, 462
1.625, 460
1.640, 460
1.656, 460
1.670, 460
1.689, 462
1.721, 464
1.744, 466
1.765, 468
1.784, 470
1.806, 470
1.826, 474
1.844, 474
1.866, 478
1.882, 478
1.904, 480
1.920, 482
1.936, 482
1.953, 484
1.971, 486
1.991, 486
2.013, 488
2.031, 488
2.053, 488
2.076, 490
2.096, 490
2.113, 490
2.135, 490
2.155, 494
2.180, 494
2.195, 494
2.216, 496
2.230, 494
2.246, 492
2.262, 494
2.279, 494
2.293, 492
2.308, 492
2.321, 492
2.336, 492
2.351, 492
2.369, 490
2.384, 488
2.409, 490
2.434, 490
2.461, 490
2.488, 492
2.505, 494
2.524, 492
2.543, 494
2.566, 494
2.583, 494
2.609, 492
2.629, 494
2.648, 494
2.665, 492
2.690, 494
2.705, 494
2.738, 494
2.754, 494
2.769, 494
2.788, 496
2.811, 498
2.834, 496
2.848, 496
2.875, 496
2.894, 494
2.908, 492
2.924, 490
2.938, 492
2.956, 492
2.970, 492
2.983, 490
2.997, 488
3.019, 490
3.040, 490
3.061, 494
3.076, 494
3.103, 496
3.123, 494
3.137, 494
3.149, 492
3.163, 490
3.184, 492
3.199, 492
3.214, 494
3.227, 492
3.239, 490
3.255, 490
3.271, 490
3.298, 490
3.311, 488
3.327, 488
3.339, 488
3.352, 486
3.365, 486
3.381, 484
3.396, 484
3.410, 484
3.425, 484
3.441, 486
3.453, 484
3.466, 484
3.479, 482
3.491, 482
3.504, 482
3.520, 480
3.532, 480
3.544, 478
3.556, 478
3.568, 476
3.581, 476
3.594, 476
3.614, 476
3.627, 476
3.640, 476
3.655, 478
3.671, 478
3.685, 480
3.705, 480
3.717, 480
3.730, 478
3.743, 478
3.757, 476
3.771, 476
3.786, 478
3.800, 478
3.815, 478
3.829, 478
3.843, 478
3.856, 476
3.869, 476
3.882, 476
3.898, 476
3.921, 476
3.939, 476
3.958, 476
3.974, 478
3.996, 480
4.011, 480
4.031, 482
4.046, 482
4.060, 482
4.080, 482
4.095, 482
4.119, 484
4.139, 482
4.153, 484
4.172, 484
4.187, 482
4.201, 482
4.222, 482
4.242, 482
4.257, 480
4.273, 480
4.287, 480
4.301, 480
4.319, 480
4.342, 480
4.356, 482
4.374, 480
4.387, 480
4.403, 478
4.416, 476
4.428, 474
4.441, 474
4.454, 472
4.466, 472
4.479, 472
4.492, 470
4.505, 470
4.520, 470
4.535, 470
4.550, 470
4.564, 470
4.580, 472
4.597, 472
4.616, 472
4.629, 472
4.642, 472
4.655, 472
4.676, 470
4.691, 470
4.717, 472
4.733, 472
4.761, 474
4.783, 474
4.802, 474
4.817, 476
4.834, 476
4.848, 478
4.861, 478
4.875, 478
4.896, 478
4.908, 476
4.922, 474
4.937, 474
4.950, 472
4.964, 470
4.986, 472
5.007, 472
5.024, 472
5.044, 472
5.065, 470
5.081, 472
5.100, 474
5.122, 474
5.139, 476
5.152, 476
5.166, 476
5.189, 478
5.208, 478
5.222, 478
5.244, 478
5.272, 478
5.293, 504
5.310, 524
5.333, 542
5.354, 564
5.371, 582
5.386, 596
5.410, 612
5.431, 630
5.446, 640
5.464, 650
5.479, 662
5.496, 670
5.511, 678
5.524, 684
5.538, 692
5.551, 700
5.569, 708
5.586, 718
5.604, 724
5.620, 736
5.634, 742
5.648, 750
5.662, 756
5.675, 760
5.688, 766
5.701, 770
5.713, 772
5.728, 778
5.745, 784
5.759, 788
5.776, 794
5.795, 798
5.814, 806
5.834, 812
5.850, 814
5.869, 820
5.884, 824
5.900, 830
5.912, 832
5.935, 834
5.950, 838
5.964, 842
5.979, 844
5.996, 848
6.011, 852
6.025, 854
6.041, 858
6.056, 860
6.069, 860
6.083, 862
6.099, 866
6.115, 870
6.130, 872
6.142, 872
6.155, 872
6.168, 874
6.181, 874
6.194, 870
6.209, 854
6.224, 842
6.246, 822
6.267, 806
6.280, 792
6.294, 782
6.308, 770
6.321, 760
6.334, 748
6.349, 738
6.362, 728
6.376, 718
6.389, 710
6.403, 700
6.416, 692
6.430, 684
6.444, 674
6.459, 666
6.472, 660
6.502, 648
6.518, 642
6.545, 632
6.565, 626
6.580, 620
6.599, 616
6.629, 606
6.645, 602
6.661, 598
6.679, 590
6.692, 584
6.708, 580
6.725, 574
6.739, 570
6.757, 566
6.775, 562
6.789, 558
6.803, 556
6.820, 550
6.834, 548
6.848, 544
6.865, 542
6.886, 540
6.902, 538
6.917, 536
