.008, 308
.049, 322
.064, 332
.078, 336
.094, 340
.108, 344
.131, 350
.145, 354
.160, 356
.184, 360
.216, 368
.228, 370
.241, 370
.255, 374
.270, 376
.283, 378
.298, 380
.312, 382
.327, 384
.343, 386
.375, 396
.399, 400
.414, 404
.444, 408
.461, 412
.475, 414
.489, 416
.512, 418
.533, 422
.552, 424
.580, 426
.597, 432
.622, 434
.644, 436
.668, 438
.694, 444
.713, 444
.736, 446
.755, 446
.774, 446
.796, 450
.825, 452
.850, 456
.864, 456
.879, 456
.899, 456
.917, 456
.948, 458
.971, 462
.991, 460
1.008, 460
1.021, 460
1.043, 460
1.058, 460
1.074, 460
1.095, 462
1.115, 464
1.128, 464
1.145, 464
1.161, 464
1.178, 464
1.193, 464
1.207, 462
1.222, 464
1.240, 464
1.254, 464
1.267, 464
1.282, 464
1.298, 462
1.315, 462
1.335, 464
1.358, 466
1.372, 466
1.390, 466
1.413, 466
1.426, 466
1.438, 464
1.451, 464
1.463, 462
1.476, 462
1.487, 460
1.499, 460
1.512, 458
1.524, 458
1.538, 458
1.553, 458
1.568, 458
1.599, 462
1.613, 462
1.640, 460
1.656, 460
1.670, 460
1.687, 460
1.715, 462
1.736, 468
1.755, 470
1.770, 470
1.794, 472
1.821, 476
1.849, 478
1.878, 482
1.894, 484
1.914, 484
1.930, 486
1.950, 486
1.971, 488
1.998, 492
2.020, 492
2.047, 496
2.066, 496
2.093, 498
2.108, 498
2.143, 498
2.162, 500
2.192, 500
2.220, 500
2.247, 500
2.279, 502
2.297, 504
2.323, 502
2.338, 502
2.353, 502
2.377, 502
2.402, 500
2.422, 500
2.442, 502
2.457, 502
2.479, 500
2.494, 500
2.523, 500
2.541, 498
2.563, 498
2.584, 500
2.600, 500
2.619, 498
2.640, 498
2.660, 498
2.681, 498
2.704, 502
2.725, 502
2.740, 502
2.758, 500
2.778, 500
2.791, 500
2.806, 500
2.833, 498
2.858, 500
2.875, 500
2.888, 498
2.906, 498
2.933, 498
2.946, 496
2.965, 498
2.980, 498
3.002, 496
3.019, 498
3.039, 496
3.053, 496
3.067, 496
3.081, 494
3.092, 492
3.104, 490
3.116, 488
3.129, 488
3.142, 486
3.154, 486
3.173, 486
3.194, 488
3.214, 488
3.230, 488
3.247, 488
3.265, 490
3.283, 490
3.302, 492
3.326, 492
3.353, 494
3.374, 496
3.387, 496
3.403, 496
3.426, 496
3.461, 496
3.493, 500
3.509, 498
3.524, 498
3.537, 498
3.554, 498
3.576, 498
3.606, 496
3.620, 496
3.639, 498
3.653, 498
3.666, 498
3.682, 498
3.714, 498
3.729, 498
3.747, 496
3.774, 496
3.790, 494
3.804, 494
3.817, 492
3.830, 492
3.845, 492
3.860, 490
3.881, 492
3.909, 492
3.934, 492
3.951, 490
3.974, 492
3.991, 490
4.020, 494
4.042, 494
4.066, 494
4.087, 496
4.117, 496
4.135, 496
4.162, 498
4.198, 500
4.220, 500
4.246, 500
4.261, 500
4.287, 498
4.300, 498
4.316, 496
4.332, 496
4.350, 496
4.366, 494
4.383, 496
4.400, 494
4.414, 494
4.427, 494
4.440, 492
4.452, 492
4.472, 490
4.496, 490
4.514, 490
4.539, 494
4.554, 492
4.571, 490
4.585, 490
4.600, 490
4.619, 488
4.636, 488
4.650, 486
4.662, 486
4.674, 484
4.686, 482
4.698, 478
4.712, 478
4.727, 478
4.740, 478
4.767, 478
4.795, 480
4.811, 480
4.833, 484
4.852, 484
4.878, 484
4.903, 488
4.934, 488
4.953, 486
4.967, 486
4.984, 488
5.007, 488
5.023, 490
5.049, 490
5.064, 490
5.078, 490
5.098, 490
5.114, 490
5.134, 490
5.148, 490
5.165, 488
5.187, 486
5.201, 486
5.215, 486
5.228, 484
5.246, 484
5.261, 484
5.279, 482
5.298, 482
5.320, 482
5.335, 480
5.359, 478
5.376, 478
5.395, 482
5.427, 498
5.459, 514
5.475, 522
5.489, 528
5.504, 536
5.534, 550
5.548, 556
5.563, 560
5.577, 564
5.595, 572
5.616, 580
5.634, 584
5.650, 588
5.663, 592
5.676, 596
5.695, 602
5.708, 606
5.736, 614
5.759, 620
5.773, 624
5.789, 626
5.811, 634
5.833, 638
5.856, 640
5.883, 644
5.900, 650
5.918, 652
5.932, 656
5.954, 660
5.973, 662
5.998, 666
6.027, 672
6.042, 674
6.067, 680
6.086, 680
6.099, 680
6.129, 684
6.150, 686
6.165, 688
6.185, 688
6.199, 688
6.228, 690
6.241, 692
6.257, 692
6.278, 692
6.298, 694
6.315, 696
6.329, 696
6.347, 698
6.368, 700
6.389, 700
6.411, 700
6.427, 700
6.449, 704
6.466, 704
6.482, 706
6.508, 710
6.530, 708
6.555, 708
6.579, 708
6.597, 710
6.618, 712
6.649, 714
6.664, 716
6.682, 716
6.701, 716
6.727, 716
6.751, 716
6.775, 716
6.789, 716
6.804, 714
6.819, 716
6.837, 714
6.864, 714
6.890, 716
6.905, 716
6.921, 716
6.946, 718
6.967, 716
6.990, 716
7.021, 718
7.035, 718
7.050, 718
7.069, 720
7.083, 722
7.102, 720
7.115, 720
7.128, 718
7.141, 718
7.154, 716
7.167, 716
7.180, 716
7.194, 716
7.212, 716
7.232, 716
7.250, 716
7.269, 714
7.285, 716
7.299, 716
7.315, 716
7.338, 718
7.353, 716
7.373, 716
7.389, 718
7.403, 718
7.417, 720
7.432, 718
7.445, 718
7.459, 718
7.472, 716
7.485, 716
7.497, 716
7.510, 716
7.523, 716
7.536, 714
7.549, 714
7.562, 714
7.576, 712
7.591, 704
7.613, 694
7.638, 684
7.656, 674
7.673, 668
7.692, 662
7.715, 654
7.740, 644
7.766, 638
7.786, 632
7.813, 626
7.832, 618
7.847, 616
7.865, 610
7.883, 606
7.913, 600
7.931, 594
7.947, 590
7.963, 588
7.979, 584
7.998, 580
8.012, 574
8.027, 570
8.040, 566
8.054, 562
8.067, 558
8.081, 552
8.095, 550
8.112, 544
8.130, 542
8.151, 538
8.174, 536
8.200, 534
8.221, 530
8.234, 530
8.256, 528
8.279, 528
8.300, 526
8.320, 526
8.341, 524
