.008, 316
.032, 326
.053, 336
.070, 342
.084, 346
.101, 350
.114, 354
.135, 360
.166, 364
.209, 374
.227, 376
.240, 378
.253, 380
.268, 384
.284, 388
.306, 396
.337, 402
.361, 408
.375, 412
.392, 412
.408, 416
.422, 416
.435, 416
.449, 418
.464, 420
.487, 424
.509, 428
.525, 428
.541, 430
.559, 430
.580, 432
.594, 432
.615, 434
.632, 434
.645, 436
.660, 436
.678, 436
.694, 438
.709, 438
.730, 442
.746, 444
.763, 446
.779, 446
.796, 446
.812, 448
.834, 450
.846, 450
.862, 450
.890, 454
.907, 452
.921, 452
.939, 454
.953, 454
.965, 454
.978, 454
.990, 452
1.003, 452
1.016, 450
1.029, 450
1.040, 448
1.053, 448
1.066, 448
1.083, 448
1.099, 450
1.127, 454
1.143, 454
1.158, 454
1.172, 454
1.186, 454
1.211, 456
1.230, 460
1.252, 462
1.266, 464
1.281, 464
1.296, 464
1.311, 464
1.325, 464
1.341, 464
1.358, 464
1.372, 462
1.398, 464
1.416, 466
1.436, 466
1.456, 466
1.472, 466
1.485, 464
1.498, 464
1.510, 462
1.522, 460
1.534, 460
1.546, 458
1.559, 458
1.572, 458
1.587, 456
1.604, 458
1.623, 460
1.638, 462
1.655, 464
1.672, 464
1.692, 462
1.720, 464
1.737, 464
1.763, 466
1.794, 470
1.809, 472
1.828, 474
1.856, 478
1.897, 480
1.917, 482
1.938, 486
1.955, 486
1.971, 486
1.995, 488
2.023, 490
2.038, 490
2.059, 490
2.092, 492
2.108, 492
2.125, 494
2.145, 494
2.163, 496
2.184, 498
2.201, 496
2.218, 494
2.234, 494
2.248, 494
2.271, 494
2.285, 492
2.306, 492
2.322, 492
2.338, 492
2.358, 494
2.377, 492
2.409, 494
2.426, 496
2.448, 496
2.485, 498
2.506, 498
2.523, 498
2.540, 498
2.569, 496
2.593, 496
2.608, 496
2.626, 498
2.642, 498
2.655, 498
2.675, 498
2.702, 498
2.717, 498
2.731, 496
2.747, 496
2.760, 496
2.778, 496
2.792, 496
2.806, 494
2.818, 492
2.841, 490
2.858, 490
2.877, 490
2.900, 490
2.916, 490
2.930, 490
2.942, 488
2.956, 488
2.970, 488
2.982, 486
2.996, 486
3.009, 484
3.027, 484
3.041, 484
3.062, 484
3.079, 484
3.093, 484
3.112, 484
3.130, 486
3.155, 486
3.170, 488
3.184, 486
3.202, 488
3.219, 488
3.234, 486
3.248, 486
3.261, 486
3.283, 488
3.296, 488
3.315, 488
3.330, 486
3.347, 486
3.362, 486
3.380, 486
3.395, 486
3.409, 486
3.423, 486
3.435, 484
3.449, 484
3.463, 484
3.476, 482
3.488, 482
3.501, 480
3.513, 480
3.525, 478
3.538, 478
3.551, 478
3.564, 476
3.576, 476
3.604, 476
3.622, 478
3.636, 476
3.651, 478
3.665, 478
3.678, 476
3.691, 476
3.704, 476
3.718, 476
3.733, 476
3.760, 478
3.783, 480
3.811, 482
3.834, 482
3.868, 484
3.885, 486
3.907, 486
3.932, 484
3.952, 486
3.970, 488
3.996, 490
4.022, 492
4.039, 492
4.063, 492
4.085, 492
4.109, 494
4.123, 492
4.149, 492
4.164, 492
4.186, 494
4.206, 492
4.221, 492
4.238, 492
4.257, 490
4.275, 490
4.292, 490
4.314, 490
4.327, 488
4.340, 488
4.353, 488
4.369, 484
4.383, 484
4.397, 484
4.411, 484
4.426, 484
4.454, 486
4.472, 486
4.486, 486
4.504, 484
4.524, 486
4.540, 486
4.567, 486
4.583, 486
4.607, 486
4.621, 486
4.634, 484
4.647, 484
4.663, 482
4.681, 482
4.702, 482
4.725, 482
4.746, 484
4.766, 484
4.782, 484
4.801, 484
4.863, 486
4.889, 488
4.912, 490
4.938, 490
4.953, 490
4.991, 490
5.005, 490
5.028, 492
5.043, 492
5.070, 492
5.085, 492
5.100, 490
5.120, 490
5.136, 488
5.160, 490
5.175, 490
5.193, 490
5.212, 490
5.226, 490
5.242, 490
5.257, 488
5.275, 490
5.291, 490
5.308, 488
5.321, 488
5.334, 486
5.350, 486
5.373, 484
5.390, 482
5.405, 492
5.435, 508
5.453, 522
5.467, 532
5.482, 542
5.501, 552
5.523, 562
5.537, 568
5.557, 576
5.577, 584
5.592, 588
5.617, 600
5.631, 604
5.647, 614
5.668, 624
5.681, 626
5.695, 630
5.715, 638
5.732, 642
5.751, 648
5.771, 654
5.794, 662
5.815, 666
5.832, 670
5.852, 666
5.865, 668
5.880, 672
5.895, 676
5.924, 682
5.947, 686
5.964, 686
5.987, 690
6.006, 696
6.026, 696
6.048, 704
6.066, 710
6.079, 710
6.093, 710
6.107, 714
6.121, 716
6.135, 718
6.148, 720
6.161, 720
6.175, 722
6.188, 722
6.201, 724
6.214, 724
6.226, 724
6.240, 726
6.253, 728
6.267, 726
6.280, 730
6.298, 732
6.311, 730
6.330, 734
6.355, 736
6.375, 738
6.394, 740
6.411, 742
6.428, 742
6.442, 744
6.458, 744
6.471, 746
6.484, 746
6.496, 748
6.510, 748
6.524, 748
6.538, 748
6.551, 748
6.573, 748
6.610, 750
6.626, 750
6.640, 752
6.656, 752
6.673, 752
6.688, 754
6.704, 754
6.720, 752
6.735, 754
6.748, 754
6.763, 754
6.777, 754
6.792, 756
6.809, 758
6.823, 756
6.836, 758
6.850, 758
6.868, 758
6.885, 752
6.902, 742
6.923, 732
6.937, 722
6.957, 712
6.985, 698
7.013, 684
7.027, 678
7.043, 670
7.058, 662
7.072, 656
7.089, 650
7.103, 642
7.123, 636
7.140, 628
7.154, 624
7.167, 620
7.187, 612
7.202, 606
7.222, 602
7.246, 598
7.273, 588
7.299, 582
7.317, 580
7.336, 576
7.351, 572
7.371, 568
7.386, 564
7.400, 560
7.414, 556
7.427, 552
7.440, 548
7.454, 542
7.466, 540
7.480, 536
7.494, 532
7.507, 528
7.520, 526
7.533, 522
7.545, 520
7.558, 518
7.570, 516
7.583, 512
7.600, 510
7.620, 508
