.007, 326
.027, 334
.047, 342
.060, 346
.076, 352
.090, 356
.105, 360
.120, 362
.136, 366
.168, 372
.210, 380
.223, 382
.244, 388
.267, 392
.284, 398
.304, 402
.317, 404
.334, 408
.348, 408
.363, 412
.379, 414
.397, 416
.436, 422
.452, 426
.470, 428
.499, 430
.513, 434
.542, 438
.558, 440
.576, 440
.604, 442
.628, 446
.641, 448
.659, 450
.694, 454
.721, 456
.736, 458
.750, 458
.765, 458
.786, 460
.806, 460
.819, 460
.835, 460
.851, 460
.868, 460
.881, 460
.893, 458
.906, 458
.919, 458
.934, 458
.953, 460
.977, 460
.998, 462
1.012, 462
1.025, 462
1.042, 464
1.058, 464
1.078, 464
1.099, 464
1.116, 466
1.131, 466
1.144, 466
1.162, 466
1.184, 466
1.206, 466
1.224, 468
1.247, 468
1.263, 468
1.279, 468
1.296, 468
1.311, 470
1.329, 470
1.344, 470
1.368, 472
1.386, 472
1.401, 472
1.419, 472
1.440, 472
1.456, 472
1.469, 470
1.484, 472
1.497, 472
1.513, 472
1.528, 470
1.541, 470
1.556, 468
1.578, 468
1.598, 468
1.611, 468
1.627, 468
1.640, 468
1.653, 466
1.665, 464
1.678, 464
1.691, 462
1.705, 462
1.720, 464
1.736, 464
1.753, 464
1.766, 464
1.780, 464
1.795, 464
1.809, 464
1.836, 468
1.855, 470
1.871, 472
1.905, 474
1.927, 478
1.946, 478
1.967, 478
1.990, 480
2.006, 482
2.026, 484
2.050, 486
2.074, 486
2.096, 486
2.124, 488
2.142, 488
2.167, 490
2.181, 492
2.199, 492
2.223, 494
2.240, 494
2.258, 494
2.279, 496
2.298, 496
2.318, 496
2.332, 496
2.353, 496
2.367, 496
2.382, 496
2.397, 494
2.413, 496
2.435, 498
2.450, 498
2.466, 498
2.480, 498
2.502, 498
2.522, 498
2.538, 498
2.562, 500
2.581, 500
2.604, 498
2.617, 498
2.637, 498
2.652, 496
2.671, 496
2.687, 496
2.702, 494
2.718, 494
2.731, 494
2.742, 492
2.755, 490
2.768, 488
2.785, 488
2.801, 488
2.822, 488
2.853, 488
2.869, 488
2.910, 488
2.933, 490
2.957, 490
2.976, 492
2.996, 490
3.018, 492
3.036, 494
3.066, 494
3.094, 494
3.132, 494
3.145, 494
3.173, 492
3.199, 494
3.213, 494
3.232, 496
3.253, 498
3.272, 498
3.302, 500
3.323, 500
3.339, 502
3.371, 502
3.394, 500
3.407, 500
3.426, 500
3.440, 500
3.456, 498
3.469, 498
3.482, 496
3.495, 494
3.508, 492
3.521, 492
3.533, 490
3.546, 490
3.560, 490
3.574, 490
3.592, 488
3.610, 490
3.625, 490
3.644, 490
3.656, 490
3.669, 488
3.682, 488
3.695, 488
3.712, 488
3.729, 490
3.750, 490
3.763, 490
3.775, 488
3.787, 486
3.802, 484
3.818, 484
3.831, 482
3.844, 480
3.857, 480
3.870, 478
3.884, 478
3.896, 476
3.910, 476
3.924, 476
3.938, 476
3.956, 476
3.970, 476
3.985, 478
4.001, 478
4.016, 478
4.029, 478
4.048, 478
4.067, 480
4.081, 480
4.102, 482
4.115, 480
4.128, 478
4.140, 478
4.153, 476
4.168, 476
4.182, 476
4.197, 476
4.209, 474
4.230, 474
4.257, 478
4.270, 476
4.282, 476
4.294, 474
4.307, 472
4.320, 472
4.333, 470
4.355, 470
4.370, 472
4.384, 472
4.397, 470
4.411, 470
4.423, 470
4.439, 468
4.458, 470
4.474, 472
4.487, 470
4.499, 470
4.512, 470
4.525, 468
4.537, 468
4.550, 468
4.564, 468
4.579, 468
4.592, 468
4.632, 472
4.646, 472
4.671, 474
4.695, 474
4.737, 478
4.751, 478
4.765, 478
4.781, 478
4.794, 478
4.817, 480
4.833, 480
4.850, 478
4.867, 480
4.886, 480
4.906, 482
4.927, 484
4.947, 484
4.959, 484
4.980, 484
5.003, 486
5.029, 486
5.044, 486
5.058, 484
5.076, 484
5.089, 482
5.102, 480
5.115, 480
5.130, 480
5.144, 480
5.169, 482
5.194, 482
5.209, 480
5.222, 478
5.240, 478
5.265, 480
5.291, 482
5.310, 482
5.337, 484
5.361, 490
5.377, 492
5.394, 494
5.421, 498
5.441, 502
5.459, 502
5.482, 506
5.495, 508
5.522, 508
5.547, 512
5.574, 514
5.601, 516
5.614, 516
5.630, 518
5.645, 518
5.666, 520
5.683, 520
5.709, 522
5.732, 524
5.745, 524
5.759, 524
5.773, 526
5.787, 526
5.810, 526
5.826, 526
5.844, 530
5.868, 530
5.885, 530
5.900, 532
5.913, 532
5.929, 530
5.953, 532
5.978, 534
5.992, 534
6.017, 534
6.036, 536
6.080, 538
6.098, 540
6.128, 542
6.156, 544
6.170, 544
6.185, 544
6.212, 544
6.238, 546
6.260, 548
6.278, 548
6.291, 548
6.304, 548
6.321, 546
6.339, 546
6.351, 544
6.363, 544
6.375, 542
6.388, 540
6.400, 540
6.413, 538
6.425, 538
6.439, 536
6.455, 536
6.470, 534
6.486, 534
6.502, 536
6.524, 534
6.539, 534
6.551, 534
6.565, 532
6.581, 532
6.596, 534
6.620, 534
6.647, 536
6.661, 536
6.676, 536
6.691, 536
6.713, 536
6.734, 536
6.763, 538
6.777, 538
6.790, 538
6.804, 538
6.821, 538
6.843, 538
6.856, 538
6.868, 536
6.880, 536
6.892, 536
6.905, 534
6.917, 534
6.929, 532
6.942, 532
6.954, 530
6.967, 530
6.980, 530
6.992, 528
7.004, 526
7.016, 526
7.029, 524
7.042, 524
7.058, 524
7.075, 526
7.094, 526
7.107, 526
7.120, 524
7.132, 524
7.144, 524
7.156, 524
7.169, 524
7.183, 524
7.200, 524
7.220, 526
7.235, 526
7.247, 528
7.259, 526
7.272, 526
7.284, 526
7.297, 524
7.310, 526
7.329, 526
7.342, 526
7.359, 526
7.371, 526
7.384, 524
7.397, 524
7.410, 524
7.422, 524
7.442, 524
7.460, 526
7.487, 528
7.501, 528
7.521, 528
7.535, 528
7.548, 528
7.561, 526
7.573, 526
7.585, 526
7.598, 524
7.610, 524
7.623, 522
7.635, 522
7.648, 522
7.660, 520
7.674, 520
7.690, 522
7.703, 522
7.727, 524
7.742, 524
7.758, 524
7.771, 524
7.784, 524
7.801, 524
7.820, 526
7.852, 530
7.870, 530
7.892, 530
7.906, 532
7.923, 532
7.938, 534
7.952, 534
7.967, 536
7.979, 536
7.992, 534
8.004, 534
8.017, 532
8.030, 532
8.043, 532
8.055, 530
8.069, 530
8.081, 528
8.093, 528
8.106, 528
8.118, 526
8.130, 526
8.143, 526
8.157, 526
8.177, 526
8.200, 526
8.220, 528
8.235, 528
8.249, 528
8.262, 526
8.275, 528
8.293, 526
8.307, 526
8.324, 528
8.346, 530
8.363, 530
8.377, 530
8.391, 530
8.424, 534
8.451, 534
8.478, 536
8.498, 538
8.515, 538
8.530, 538
8.546, 538
8.576, 538
8.589, 538
8.610, 538
8.624, 540
8.645, 540
8.659, 540
8.672, 540
8.691, 540
8.719, 540
8.734, 540
8.757, 540
8.783, 540
8.797, 542
8.811, 540
8.827, 540
8.846, 542
8.860, 542
8.879, 544
8.893, 542
8.907, 544
8.923, 544
8.936, 542
8.948, 540
8.962, 540
8.981, 540
8.999, 540
9.016, 540
9.033, 542
9.059, 542
9.075, 542
9.094, 542
9.117, 544
9.139, 544
9.159, 544
9.177, 546
9.193, 546
9.217, 546
9.232, 546
9.253, 546
9.274, 546
9.295, 548
9.316, 546
9.330, 546
9.344, 546
9.367, 546
9.387, 546
9.402, 546
9.416, 546
9.430, 546
9.443, 544
9.456, 544
9.468, 542
9.482, 542
9.497, 542
9.510, 542
9.533, 542
9.550, 544
9.567, 544
9.583, 544
9.602, 544
9.630, 546
9.648, 546
9.662, 544
9.680, 544
9.694, 544
9.707, 542
9.719, 540
9.733, 540
9.746, 540
9.761, 540
9.779, 538
9.805, 540
9.819, 540
9.836, 538
9.849, 538
9.868, 540
9.889, 540
9.910, 540
9.932, 540
9.948, 540
9.964, 540
9.983, 542
9.998, 542
10.010, 542
10.023, 540
10.036, 540
10.049, 540
10.062, 538
10.076, 538
10.088, 536
10.101, 536
10.115, 536
10.128, 536
10.149, 536
10.167, 536
10.191, 538
10.205, 538
10.222, 538
10.246, 538
10.276, 538
10.296, 542
10.323, 542
10.337, 542
10.351, 542
10.365, 542
10.386, 544
10.399, 542
10.411, 542
10.424, 540
10.436, 538
10.448, 536
10.461, 536
10.475, 534
10.487, 534
10.500, 532
10.513, 532
10.525, 530
10.537, 530
10.550, 528
10.562, 528
10.575, 526
10.587, 528
10.603, 526
10.618, 528
10.646, 526
10.661, 526
10.676, 528
10.689, 528
10.710, 528
10.730, 530
10.752, 532
10.765, 530
10.780, 532
10.800, 532
10.822, 532
10.845, 532
10.868, 534
10.885, 536
10.906, 536
10.925, 538
10.942, 538
10.962, 538
10.977, 538
10.996, 536
11.014, 536
11.028, 534
11.044, 534
11.061, 536
11.076, 536
11.093, 534
11.105, 534
11.119, 532
11.134, 532
11.149, 532
11.166, 534
11.180, 534
11.201, 536
11.216, 538
11.230, 536
11.245, 538
11.263, 538
11.279, 538
11.299, 538
11.326, 538
11.343, 538
11.357, 538
11.372, 538
11.388, 540
11.401, 538
11.414, 538
11.426, 536
11.438, 536
11.451, 534
11.463, 534
11.476, 532
11.491, 532
11.508, 532
11.521, 532
11.537, 532
11.551, 532
11.565, 534
11.580, 532
11.593, 532
11.607, 532
11.620, 530
11.635, 530
11.656, 530
11.670, 532
11.690, 532
11.705, 532
11.719, 532
11.736, 532
11.751, 534
11.765, 534
11.777, 532
11.789, 532
11.801, 532
11.814, 530
11.826, 530
11.839, 528
11.852, 528
11.865, 528
11.879, 528
11.919, 528
11.933, 530
11.950, 530
11.968, 530
11.987, 530
12.004, 532
12.017, 532
12.036, 532
12.057, 532
12.074, 532
12.089, 534
12.105, 534
12.128, 532
12.141, 534
12.160, 534
12.174, 536
12.198, 538
12.214, 538
12.227, 538
12.244, 538
12.258, 538
12.276, 538
12.297, 536
12.315, 536
12.330, 538
12.342, 538
12.354, 536
12.367, 536
12.384, 536
12.397, 536
12.411, 536
12.431, 538
12.461, 538
12.481, 536
12.495, 536
12.519, 536
12.538, 536
12.551, 536
12.567, 536
12.581, 536
12.594, 536
12.609, 536
12.621, 536
12.635, 534
12.648, 534
12.662, 534
12.678, 534
12.693, 534
12.707, 534
12.722, 534
12.735, 534
12.748, 534
12.762, 532
12.776, 534
12.790, 532
12.815, 534
12.831, 534
12.848, 534
12.862, 534
12.878, 534
12.896, 534
12.919, 536
12.936, 538
12.953, 536
12.971, 536
12.985, 536
12.997, 536
13.009, 534
13.022, 534
13.036, 534
13.056, 534
13.077, 534
13.095, 536
13.115, 534
13.132, 536
13.150, 534
13.163, 534
13.186, 536
13.228, 538
13.242, 538
13.257, 538
13.271, 538
13.286, 538
13.304, 538
13.318, 538
13.334, 538
13.356, 540
13.372, 540
13.387, 542
13.401, 542
13.420, 542
13.435, 544
13.449, 544
13.462, 542
13.485, 544
13.499, 544
13.514, 544
13.530, 544
13.542, 542
13.556, 542
13.569, 542
13.584, 542
13.600, 540
13.615, 542
13.635, 542
13.649, 544
13.663, 544
13.678, 544
13.692, 544
13.708, 544
13.721, 544
13.733, 544
13.745, 542
13.758, 540
13.770, 540
13.783, 540
13.796, 538
13.812, 538
13.826, 538
13.848, 538
13.880, 540
13.898, 540
13.911, 540
13.940, 542
13.955, 540
13.975, 540
13.993, 540
14.014, 542
14.028, 542
14.045, 542
14.062, 542
14.076, 540
14.088, 540
14.101, 540
14.114, 538
14.126, 538
14.139, 536
14.151, 536
14.165, 534
14.177, 534
14.190, 532
14.202, 530
14.215, 530
14.227, 528
14.240, 528
14.252, 526
14.266, 526
14.281, 528
14.306, 530
14.321, 530
14.340, 532
14.355, 532
14.369, 532
14.385, 532
14.407, 534
14.423, 536
14.444, 536
14.468, 538
14.484, 538
14.499, 538
14.514, 538
14.541, 538
14.558, 538
14.593, 540
14.612, 540
14.625, 540
14.641, 540
14.655, 540
14.673, 538
14.697, 538
14.718, 540
14.745, 542
14.761, 542
14.777, 542
14.792, 542
14.819, 542
14.839, 540
14.853, 540
14.876, 542
14.893, 542
14.911, 542
14.929, 542
14.950, 544
14.967, 544
14.982, 544
15.002, 544
15.021, 546
15.043, 544
15.070, 546
15.088, 546
15.108, 546
15.125, 546
15.147, 548
15.162, 546
15.178, 546
15.208, 546
15.234, 548
15.253, 548
15.272, 548
15.286, 550
15.300, 550
15.315, 550
15.340, 550
15.353, 550
15.377, 550
15.391, 550
15.417, 552
15.430, 552
15.443, 552
15.458, 552
15.473, 552
15.486, 550
15.498, 550
15.511, 548
15.524, 546
15.537, 546
15.550, 544
15.563, 544
15.578, 542
15.593, 542
15.615, 542
15.631, 544
15.646, 546
15.661, 546
15.675, 546
15.690, 546
15.705, 548
15.719, 548
15.733, 548
15.747, 546
15.768, 546
15.785, 546
15.799, 546
15.817, 544
15.830, 544
15.844, 544
15.861, 542
15.884, 544
15.897, 544
15.913, 542
15.932, 542
15.945, 540
15.957, 540
15.970, 540
15.983, 538
16.003, 538
16.024, 540
16.041, 538
16.055, 538
16.068, 538
16.080, 536
16.093, 536
16.106, 536
16.119, 534
16.131, 534
16.144, 532
16.156, 532
16.168, 530
16.180, 530
16.193, 528
16.206, 528
16.223, 526
16.237, 528
16.261, 528
16.281, 530
16.295, 532
16.309, 532
16.325, 532
16.344, 534
16.362, 534
16.376, 534
16.403, 534
16.417, 536
16.431, 536
16.444, 536
16.456, 534
16.469, 534
16.482, 534
16.499, 534
16.522, 534
16.540, 536
16.555, 536
16.570, 536
16.584, 536
16.605, 536
16.624, 538
16.637, 538
16.658, 538
16.674, 538
16.689, 538
16.702, 536
16.715, 536
16.728, 534
16.745, 534
16.759, 534
16.781, 532
16.808, 534
16.824, 534
16.840, 534
16.858, 534
16.881, 536
16.895, 536
16.921, 538
16.939, 540
16.957, 538
16.974, 540
16.994, 540
17.010, 538
17.030, 540
17.045, 540
17.070, 540
17.084, 540
17.099, 540
17.117, 540
17.133, 542
17.158, 542
17.173, 542
17.193, 540
17.208, 542
17.223, 542
17.237, 542
17.257, 542
17.276, 542
17.289, 540
17.305, 540
17.328, 540
17.344, 540
17.357, 540
17.375, 540
17.393, 542
17.412, 542
17.453, 540
17.476, 540
17.491, 540
17.506, 540
17.521, 540
17.536, 540
17.550, 538
17.562, 536
17.575, 536
17.588, 534
17.600, 534
17.612, 532
17.626, 532
17.643, 532
17.656, 532
17.676, 532
17.699, 536
17.716, 536
17.732, 534
17.750, 536
17.776, 536
17.789, 536
17.808, 536
17.823, 536
17.836, 538
17.856, 536
17.868, 536
17.881, 534
17.896, 534
17.910, 536
17.925, 534
17.948, 536
17.965, 538
17.979, 538
17.994, 538
18.010, 540
18.035, 540
18.060, 542
18.083, 544
18.101, 542
18.114, 542
18.131, 542
18.148, 542
18.161, 542
18.173, 540
18.186, 540
18.198, 538
18.210, 538
18.223, 536
18.235, 536
18.248, 536
18.262, 536
18.279, 536
18.300, 536
18.316, 538
18.334, 538
18.348, 538
18.378, 538
18.400, 538
18.424, 538
18.439, 538
18.454, 538
18.467, 538
18.479, 536
18.492, 536
18.504, 534
18.518, 534
18.537, 534
18.569, 534
18.586, 536
18.600, 536
18.614, 536
18.632, 538
18.649, 540
18.667, 540
18.685, 540
18.706, 542
18.719, 542
18.737, 542
18.757, 542
18.773, 544
18.792, 544
18.813, 546
18.831, 548
18.845, 548
18.860, 548
18.874, 548
18.891, 548
18.907, 548
18.919, 548
18.931, 548
18.944, 546
18.956, 546
18.969, 544
18.982, 542
18.994, 542
19.007, 542
19.023, 540
19.049, 540
19.064, 540
19.091, 540
19.107, 540
19.122, 540
19.139, 540
19.162, 540
19.182, 540
19.203, 538
19.226, 540
19.239, 540
19.255, 540
19.276, 540
19.299, 540
19.315, 540
19.329, 540
19.346, 540
19.361, 540
19.373, 540
19.386, 538
19.399, 538
19.413, 538
19.435, 538
19.449, 536
19.463, 536
19.478, 536
19.494, 536
19.506, 534
19.519, 534
19.532, 532
19.545, 532
19.557, 532
19.570, 530
19.583, 530
19.595, 528
19.608, 528
19.620, 528
19.633, 528
19.647, 526
19.662, 526
19.677, 528
19.693, 528
19.712, 532
19.729, 530
19.742, 530
19.761, 532
19.779, 534
19.795, 536
19.810, 536
19.829, 536
19.842, 536
19.862, 536
19.876, 536
19.894, 536
19.918, 538
19.938, 536
19.963, 538
19.980, 538
19.997, 538
20.011, 538
20.030, 538
20.052, 538
20.066, 538
20.083, 540
20.101, 540
20.114, 540
20.127, 542
20.140, 540
20.154, 538
20.169, 538
20.193, 540
20.220, 542
20.235, 542
20.251, 542
20.269, 542
20.289, 542
20.309, 542
20.325, 540
20.340, 540
20.356, 542
20.380, 544
20.396, 542
20.410, 542
20.426, 544
20.445, 546
20.475, 548
20.491, 548
20.506, 548
20.521, 550
20.534, 550
20.557, 550
20.584, 550
20.601, 550
20.621, 550
20.641, 550
20.655, 550
20.671, 550
20.691, 550
20.711, 548
20.727, 550
20.752, 552
20.771, 550
20.785, 550
20.804, 550
20.829, 550
20.847, 550
20.865, 548
20.883, 548
20.897, 548
20.909, 548
20.922, 546
20.936, 546
20.951, 546
20.966, 546
20.983, 548
20.998, 548
21.027, 548
21.041, 548
21.056, 548
21.072, 550
21.085, 548
21.098, 548
21.110, 546
21.122, 544
21.135, 544
21.147, 542
21.159, 542
21.172, 542
21.187, 540
21.203, 540
21.219, 540
21.248, 542
21.262, 542
21.277, 542
21.295, 542
21.310, 542
21.325, 540
21.340, 538
21.359, 536
21.382, 536
21.396, 536
21.416, 534
21.431, 532
21.448, 532
21.467, 530
21.491, 530
21.505, 528
21.519, 528
21.548, 526
21.565, 526
21.580, 524
21.595, 520
21.608, 518
21.622, 516
21.634, 514
21.648, 510
21.662, 508
21.681, 506
21.697, 506
21.718, 506
21.739, 506
21.754, 504
21.768, 504
21.781, 502
21.795, 502
21.811, 500
21.835, 498
21.861, 500
21.875, 500
21.892, 498
21.913, 498
21.927, 496
21.952, 498
21.967, 498
21.982, 498
21.996, 498
22.009, 498
22.022, 496
22.035, 494
22.048, 494
