.008, 306
.025, 312
.041, 320
.067, 330
.083, 334
.099, 340
.114, 344
.146, 352
.190, 360
.214, 368
.228, 370
.241, 372
.264, 378
.285, 384
.301, 388
.319, 394
.335, 396
.351, 400
.367, 402
.383, 404
.397, 406
.411, 406
.427, 410
.442, 414
.460, 416
.474, 418
.489, 420
.508, 420
.523, 422
.537, 422
.550, 422
.562, 422
.575, 422
.588, 422
.602, 424
.617, 426
.632, 428
.647, 430
.662, 430
.677, 432
.691, 432
.708, 436
.726, 438
.738, 438
.751, 438
.763, 438
.775, 438
.788, 438
.801, 438
.813, 436
.825, 436
.837, 436
.849, 436
.861, 434
.873, 434
.886, 434
.900, 434
.912, 434
.925, 432
.937, 432
.950, 432
.966, 432
.978, 430
.990, 430
1.002, 430
1.016, 432
1.030, 432
1.045, 436
1.059, 436
1.072, 436
1.086, 438
1.098, 438
1.111, 438
1.124, 436
1.137, 438
1.151, 438
1.165, 440
1.181, 442
1.195, 444
1.212, 446
1.225, 446
1.237, 446
1.250, 444
1.263, 444
1.275, 444
1.292, 446
1.309, 448
1.322, 448
1.335, 446
1.348, 446
1.360, 446
1.372, 444
1.384, 444
1.400, 444
1.420, 444
1.438, 446
1.451, 446
1.464, 444
1.476, 444
1.488, 444
1.500, 444
1.512, 442
1.527, 442
1.541, 444
1.554, 444
1.570, 446
1.582, 446
1.602, 448
1.614, 446
1.627, 446
1.639, 446
1.653, 446
1.670, 446
1.688, 446
1.713, 448
1.731, 450
1.745, 452
1.759, 452
1.774, 452
1.790, 454
1.808, 456
1.828, 460
1.847, 464
1.869, 466
1.885, 468
1.899, 466
1.915, 466
1.930, 468
1.946, 470
1.962, 470
1.979, 472
1.999, 474
2.014, 474
2.028, 474
2.045, 474
2.073, 478
2.088, 478
2.103, 478
2.118, 478
2.135, 480
2.149, 482
2.164, 480
2.176, 478
2.189, 478
2.201, 476
2.214, 476
2.226, 474
2.239, 474
2.251, 474
2.264, 472
2.276, 472
2.288, 470
2.301, 468
2.315, 468
2.331, 470
2.353, 472
2.371, 474
2.383, 474
2.401, 474
2.417, 474
2.447, 476
2.464, 476
2.483, 478
2.500, 478
2.515, 480
2.531, 480
2.547, 480
2.564, 480
2.579, 480
2.592, 478
2.604, 478
2.618, 478
2.630, 476
2.643, 476
2.656, 476
2.669, 476
2.684, 474
2.700, 474
2.714, 474
2.733, 476
2.751, 478
2.772, 480
2.786, 480
2.805, 480
2.819, 480
2.834, 482
2.846, 482
2.859, 480
2.873, 480
2.886, 478
2.898, 478
2.911, 478
2.924, 478
2.938, 478
2.960, 478
2.977, 480
3.003, 482
3.025, 482
3.059, 484
3.074, 484
3.088, 484
3.104, 484
3.122, 484
3.145, 488
3.163, 490
3.193, 490
3.214, 488
3.237, 492
3.264, 494
3.281, 494
3.315, 494
3.338, 496
3.360, 494
3.374, 496
3.401, 496
3.414, 492
3.430, 490
3.446, 490
3.461, 490
3.481, 490
3.508, 492
3.524, 492
3.537, 490
3.551, 490
3.566, 492
3.583, 492
3.611, 492
3.628, 492
3.649, 494
3.663, 494
3.681, 492
3.700, 492
3.725, 494
3.738, 492
3.763, 494
3.787, 494
3.804, 494
3.821, 492
3.850, 492
3.870, 494
3.884, 492
3.902, 494
3.924, 492
3.941, 492
3.957, 492
3.971, 492
3.990, 492
4.028, 496
4.046, 496
4.068, 498
4.088, 498
4.109, 498
4.127, 498
4.157, 496
4.175, 496
4.198, 498
4.217, 498
4.241, 498
4.256, 498
4.285, 494
4.305, 494
4.328, 498
4.348, 498
4.365, 500
4.380, 498
4.395, 494
4.410, 494
4.430, 492
4.445, 490
4.470, 492
4.495, 494
4.521, 492
4.543, 492
4.557, 490
4.570, 490
4.583, 488
4.596, 488
4.609, 486
4.621, 484
4.634, 484
4.647, 482
4.660, 482
4.673, 480
4.685, 478
4.698, 478
4.711, 478
4.726, 476
4.739, 476
4.752, 476
4.765, 474
4.779, 476
4.799, 476
4.825, 478
4.853, 478
4.873, 478
4.896, 478
4.916, 478
4.935, 478
4.948, 478
4.962, 476
4.975, 474
4.987, 474
5.000, 474
5.015, 472
5.033, 472
5.051, 474
5.071, 476
5.086, 476
5.109, 478
5.125, 478
5.141, 478
5.168, 480
5.196, 482
5.217, 484
5.233, 484
5.249, 484
5.271, 488
5.301, 494
5.323, 502
5.347, 508
5.367, 514
5.384, 516
5.401, 516
5.427, 520
5.458, 524
5.480, 528
5.508, 530
5.526, 532
5.538, 532
5.550, 532
5.563, 532
5.575, 532
5.589, 534
5.608, 534
5.623, 534
5.638, 536
5.650, 534
5.663, 534
5.675, 534
5.687, 536
5.700, 538
5.713, 538
5.728, 540
5.741, 540
5.763, 544
5.778, 544
5.791, 544
5.803, 544
5.815, 544
5.828, 544
5.842, 544
5.854, 544
5.867, 544
5.879, 544
5.891, 544
5.904, 544
5.916, 544
5.929, 544
5.942, 544
5.957, 544
5.972, 548
5.986, 548
6.005, 548
6.027, 550
6.042, 552
6.054, 550
6.066, 548
6.081, 550
6.094, 550
6.113, 552
6.130, 554
6.149, 554
6.164, 554
6.176, 552
6.189, 552
6.202, 552
6.215, 550
6.230, 552
6.245, 550
6.260, 552
6.272, 552
6.285, 550
6.297, 550
6.310, 550
6.322, 550
6.335, 550
6.350, 550
6.366, 550
6.379, 550
6.395, 552
6.408, 552
6.421, 554
6.433, 552
6.446, 552
6.459, 552
6.472, 552
6.499, 556
6.521, 558
6.537, 558
6.561, 558
6.575, 558
6.596, 560
6.612, 560
6.635, 564
6.663, 566
6.680, 566
6.704, 566
6.718, 566
6.735, 566
6.749, 566
6.763, 564
6.783, 566
6.798, 566
6.821, 566
6.837, 566
6.851, 568
6.863, 568
6.876, 568
6.890, 568
6.904, 568
6.920, 568
6.938, 568
6.959, 568
6.986, 568
7.007, 568
7.025, 568
7.039, 568
7.052, 566
7.065, 566
7.077, 564
7.090, 564
7.102, 562
7.115, 560
7.130, 558
7.145, 560
7.162, 560
7.183, 560
7.204, 564
7.221, 564
7.248, 566
7.268, 566
7.288, 566
7.311, 568
7.328, 566
7.345, 568
7.359, 570
7.373, 570
7.386, 568
7.399, 566
7.411, 566
7.424, 564
7.437, 562
7.450, 560
7.462, 560
7.475, 560
7.488, 558
7.503, 558
7.516, 556
7.533, 558
7.547, 556
7.561, 556
7.577, 558
7.590, 558
7.605, 560
7.619, 560
7.632, 558
7.646, 560
7.662, 562
7.680, 562
7.695, 562
7.724, 562
7.739, 562
7.754, 562
7.770, 562
7.787, 564
7.809, 564
7.847, 564
7.865, 564
7.879, 564
7.896, 562
7.911, 564
7.929, 564
7.947, 564
7.971, 566
7.988, 566
8.002, 566
8.017, 566
8.036, 566
8.052, 568
8.065, 566
8.078, 564
8.091, 564
8.103, 562
8.115, 562
8.127, 562
8.140, 560
8.155, 562
8.169, 562
8.186, 560
8.209, 562
8.228, 564
8.241, 564
8.257, 564
8.274, 564
8.291, 566
8.306, 568
8.319, 566
8.331, 566
8.344, 566
8.356, 564
8.370, 564
8.382, 562
8.395, 564
8.417, 566
8.444, 568
8.461, 568
8.480, 568
8.494, 568
8.510, 568
8.529, 568
8.554, 568
8.566, 570
8.592, 568
8.608, 570
8.629, 570
8.643, 570
8.663, 570
8.687, 570
8.705, 570
8.729, 572
8.745, 572
8.759, 572
8.776, 572
8.794, 572
8.819, 570
8.835, 572
8.847, 570
8.860, 570
8.872, 568
8.884, 568
8.897, 568
8.910, 568
8.923, 566
8.936, 566
8.953, 566
8.980, 566
9.000, 566
9.014, 564
9.031, 566
9.063, 566
9.079, 568
9.106, 570
9.126, 570
9.146, 572
9.160, 572
9.176, 574
9.198, 574
9.211, 572
9.223, 570
9.236, 568
9.248, 568
9.261, 568
9.274, 568
9.286, 564
9.299, 564
9.313, 564
9.326, 564
9.347, 564
9.377, 564
9.392, 564
9.408, 566
9.424, 566
9.440, 566
9.459, 566
9.487, 566
9.504, 566
9.522, 566
9.536, 568
9.551, 566
9.571, 566
9.603, 568
9.624, 568
9.648, 568
9.662, 568
9.675, 568
9.693, 566
9.712, 566
9.730, 566
9.743, 564
9.769, 564
9.787, 564
9.802, 564
9.814, 564
9.826, 562
9.841, 562
9.857, 562
9.873, 562
9.901, 562
9.921, 562
9.941, 564
9.960, 564
9.980, 566
9.996, 568
10.009, 568
10.025, 568
10.043, 568
10.059, 568
10.072, 568
10.085, 566
10.099, 566
10.113, 566
10.128, 566
10.144, 566
10.160, 566
10.176, 566
10.193, 564
10.206, 564
10.219, 564
10.241, 568
10.255, 568
10.270, 570
10.293, 570
10.320, 574
10.338, 572
10.353, 572
10.366, 572
10.383, 572
10.419, 572
10.434, 570
10.451, 570
10.469, 568
10.485, 566
10.498, 564
10.511, 566
10.525, 566
10.544, 566
10.562, 566
10.577, 566
10.597, 566
10.610, 568
10.625, 568
10.642, 566
10.660, 568
10.681, 570
10.702, 568
10.715, 570
10.730, 570
10.749, 568
10.762, 568
10.775, 568
10.789, 568
10.805, 568
10.829, 568
10.848, 568
10.868, 568
10.887, 570
10.905, 570
10.930, 570
10.943, 568
10.976, 568
10.990, 568
11.007, 566
11.019, 566
11.032, 564
11.046, 564
11.059, 562
11.071, 562
11.083, 562
11.096, 562
11.108, 560
11.120, 560
11.133, 558
11.146, 556
11.158, 558
11.174, 560
11.187, 560
11.211, 560
11.226, 560
11.240, 562
11.255, 562
11.268, 562
11.281, 560
11.297, 560
11.315, 560
11.332, 562
11.358, 564
11.376, 564
11.389, 564
11.408, 564
11.422, 564
11.435, 562
11.448, 562
11.461, 560
11.473, 558
11.486, 558
11.498, 560
11.511, 558
11.525, 558
11.540, 558
11.554, 556
11.575, 558
11.589, 558
11.604, 558
11.618, 556
11.631, 556
11.646, 556
11.659, 556
11.672, 556
11.685, 554
11.698, 554
11.710, 554
11.723, 554
11.736, 552
11.748, 552
11.764, 552
11.782, 552
11.796, 554
11.813, 554
11.841, 556
11.859, 556
11.872, 558
11.889, 558
11.908, 558
11.923, 560
11.949, 560
11.973, 560
11.987, 560
12.004, 560
12.018, 560
12.038, 560
12.059, 560
12.080, 562
12.104, 562
12.119, 562
12.135, 564
12.152, 566
12.169, 566
12.183, 566
12.202, 566
12.218, 566
12.242, 568
12.261, 572
12.280, 572
12.295, 574
12.317, 572
12.331, 572
12.354, 572
12.370, 572
12.396, 574
12.411, 574
12.427, 576
12.442, 574
12.458, 576
12.474, 576
12.486, 576
12.499, 576
12.512, 574
12.524, 572
12.536, 572
12.549, 572
12.563, 570
12.582, 570
12.605, 568
12.620, 566
12.647, 566
12.668, 564
12.685, 566
12.702, 566
12.719, 566
12.734, 566
12.752, 566
12.768, 568
12.786, 570
12.805, 570
12.823, 570
12.847, 572
12.864, 572
12.877, 570
12.896, 572
12.909, 572
12.933, 574
12.949, 574
12.969, 574
12.996, 576
13.013, 574
13.032, 574
13.047, 576
13.063, 576
13.077, 574
13.089, 574
13.102, 576
13.116, 576
13.141, 574
13.161, 576
13.178, 576
13.194, 576
13.209, 576
13.223, 576
13.246, 576
13.263, 576
13.276, 576
13.295, 576
13.311, 574
13.325, 576
13.340, 574
13.352, 574
13.366, 574
13.383, 574
13.400, 574
13.417, 574
13.433, 574
13.450, 576
13.473, 574
13.489, 576
13.506, 576
13.522, 576
13.547, 572
13.574, 566
13.599, 564
13.622, 560
13.639, 558
13.655, 554
13.672, 554
13.690, 552
13.708, 548
13.733, 546
13.752, 544
13.777, 542
13.798, 536
13.811, 534
13.825, 530
13.838, 528
13.852, 524
13.864, 522
13.878, 518
13.893, 516
13.917, 514
13.932, 514
13.965, 514
13.980, 514
13.998, 512
14.015, 512
14.035, 508
14.050, 506
14.063, 504
14.076, 502
14.090, 498
14.102, 496
14.115, 494
14.128, 492
14.141, 492
14.156, 494
14.172, 494
14.187, 494
14.204, 494
14.225, 496
14.240, 496
14.257, 498
14.272, 500
