.008, 308
.046, 326
.062, 332
.085, 340
.100, 344
.120, 348
.134, 352
.177, 360
.217, 372
.230, 374
.246, 378
.266, 382
.297, 390
.310, 392
.330, 396
.358, 400
.378, 406
.395, 408
.416, 414
.430, 416
.446, 418
.459, 420
.472, 420
.490, 422
.508, 424
.525, 426
.554, 430
.568, 430
.580, 430
.594, 432
.606, 430
.624, 432
.647, 434
.672, 438
.692, 438
.713, 442
.728, 444
.746, 444
.763, 446
.785, 448
.803, 448
.815, 448
.830, 450
.847, 450
.863, 450
.876, 450
.889, 450
.901, 448
.914, 448
.928, 448
.941, 448
.959, 450
.982, 454
1.002, 454
1.019, 454
1.041, 454
1.057, 456
1.073, 456
1.094, 456
1.123, 458
1.140, 458
1.156, 458
1.176, 458
1.207, 462
1.231, 464
1.248, 466
1.267, 466
1.288, 468
1.309, 468
1.327, 468
1.343, 470
1.358, 470
1.377, 470
1.397, 470
1.411, 470
1.424, 470
1.437, 468
1.452, 466
1.465, 466
1.478, 466
1.492, 466
1.509, 468
1.531, 470
1.547, 470
1.561, 470
1.585, 470
1.613, 472
1.628, 472
1.646, 472
1.660, 472
1.677, 472
1.689, 472
1.702, 470
1.716, 468
1.730, 468
1.750, 468
1.770, 470
1.796, 470
1.822, 474
1.846, 478
1.870, 480
1.897, 482
1.916, 484
1.930, 484
1.948, 484
1.969, 484
1.985, 484
2.001, 484
2.020, 484
2.044, 486
2.064, 488
2.078, 488
2.092, 486
2.105, 484
2.121, 484
2.137, 486
2.157, 488
2.174, 488
2.189, 486
2.211, 488
2.227, 488
2.241, 488
2.254, 488
2.265, 486
2.280, 484
2.294, 484
2.308, 484
2.321, 484
2.345, 484
2.364, 486
2.377, 484
2.390, 484
2.403, 482
2.418, 482
2.432, 484
2.447, 484
2.466, 484
2.482, 482
2.500, 484
2.512, 482
2.524, 480
2.537, 480
2.550, 480
2.565, 478
2.588, 478
2.607, 478
2.636, 480
2.663, 480
2.678, 480
2.692, 478
2.705, 478
2.719, 476
2.754, 478
2.782, 480
2.801, 480
2.818, 480
2.834, 480
2.851, 480
2.870, 480
2.893, 480
2.918, 480
2.935, 480
2.951, 480
2.963, 478
2.976, 478
2.993, 478
3.006, 476
3.020, 476
3.036, 478
3.052, 478
3.065, 480
3.081, 480
3.095, 478
3.108, 478
3.121, 478
3.134, 476
3.147, 476
3.160, 474
3.172, 474
3.185, 472
3.198, 472
3.213, 472
3.230, 472
3.250, 474
3.272, 476
3.295, 478
3.323, 480
3.349, 480
3.371, 480
3.400, 484
3.422, 484
3.441, 484
3.456, 486
3.472, 486
3.488, 488
3.507, 486
3.521, 486
3.541, 486
3.553, 484
3.565, 484
3.579, 482
3.593, 482
3.616, 482
3.641, 484
3.658, 484
3.677, 486
3.698, 486
3.712, 488
3.729, 488
3.745, 488
3.775, 488
3.789, 488
3.810, 488
3.837, 490
3.855, 490
3.876, 488
3.901, 488
3.927, 490
3.943, 492
3.957, 492
3.972, 492
3.985, 490
3.999, 488
4.012, 488
4.028, 486
4.042, 486
4.057, 486
4.077, 488
4.108, 492
4.124, 490
4.145, 492
4.164, 492
4.181, 492
4.214, 494
4.237, 496
4.267, 496
4.285, 494
4.305, 496
4.332, 496
4.356, 498
4.369, 498
4.382, 496
4.398, 496
4.411, 494
4.431, 494
4.445, 492
4.461, 492
4.481, 492
4.499, 492
4.520, 494
4.536, 494
4.549, 494
4.566, 492
4.582, 492
4.596, 492
4.609, 490
4.624, 490
4.643, 490
4.658, 490
4.678, 490
4.691, 490
4.705, 486
4.718, 486
4.733, 484
4.747, 484
4.762, 484
4.784, 484
4.799, 484
4.822, 484
4.851, 486
4.870, 488
4.887, 488
4.908, 490
4.923, 488
4.939, 486
4.965, 484
4.989, 484
5.032, 484
5.045, 482
5.062, 480
5.078, 480
5.099, 480
5.117, 480
5.141, 482
5.163, 484
5.177, 484
5.192, 484
5.211, 484
5.229, 484
5.248, 482
5.262, 482
5.275, 480
5.288, 480
5.301, 478
5.314, 476
5.326, 476
5.339, 476
5.354, 474
5.369, 474
5.383, 476
5.404, 490
5.421, 502
5.457, 528
5.472, 536
5.492, 546
5.519, 566
5.548, 582
5.565, 596
5.588, 610
5.602, 620
5.616, 624
5.632, 632
5.650, 640
5.663, 644
5.677, 648
5.690, 656
5.703, 658
5.716, 664
5.729, 668
5.743, 672
5.762, 678
5.777, 682
5.791, 684
5.806, 690
5.821, 692
5.834, 694
5.848, 698
5.863, 700
5.879, 702
5.892, 704
5.905, 706
5.918, 710
5.932, 712
5.945, 716
5.960, 718
5.973, 722
5.992, 724
6.022, 724
6.040, 730
6.066, 732
6.081, 738
6.096, 738
6.110, 740
6.127, 744
6.145, 744
6.160, 746
6.174, 748
6.192, 748
6.208, 752
6.236, 760
6.251, 758
6.269, 762
6.286, 764
6.299, 766
6.315, 766
6.328, 768
6.341, 768
6.355, 770
6.368, 772
6.382, 774
6.398, 776
6.411, 776
6.427, 778
6.442, 780
6.460, 782
6.474, 782
6.491, 784
6.510, 784
6.524, 786
6.543, 786
6.559, 786
6.585, 786
6.619, 786
6.634, 790
6.651, 790
6.673, 792
6.689, 794
6.731, 794
6.748, 798
6.768, 798
6.788, 800
6.803, 798
6.829, 800
6.852, 800
6.869, 800
6.884, 802
6.902, 804
6.923, 802
6.939, 802
6.953, 802
6.969, 802
6.983, 800
6.998, 802
7.015, 804
7.029, 804
7.043, 804
7.056, 806
7.072, 806
7.089, 804
7.105, 804
7.120, 806
7.136, 806
7.150, 806
7.163, 806
7.176, 804
7.190, 804
7.204, 802
7.222, 804
7.239, 804
7.257, 806
7.272, 806
7.286, 806
7.301, 804
7.318, 804
7.338, 806
7.351, 806
7.365, 804
7.381, 806
7.400, 804
7.415, 804
7.432, 804
7.448, 802
7.463, 790
7.477, 780
7.497, 768
7.511, 758
7.532, 746
7.552, 732
7.569, 724
7.583, 716
7.606, 704
7.626, 692
7.644, 684
7.660, 678
7.676, 670
7.689, 662
7.701, 656
7.715, 648
7.728, 642
7.741, 634
7.754, 628
7.767, 622
7.780, 618
7.795, 610
7.813, 606
7.831, 602
7.848, 598
7.863, 594
7.877, 590
7.895, 584
7.908, 580
7.921, 574
7.934, 570
7.947, 566
7.960, 560
7.973, 556
7.986, 552
8.000, 548
8.014, 546
8.044, 540
8.068, 540
8.081, 538
8.101, 536
8.115, 534
8.142, 532
8.158, 530
8.179, 528
