.007, 310
.032, 320
.058, 330
.075, 336
.088, 340
.104, 344
.119, 348
.146, 354
.183, 360
.210, 368
.222, 368
.235, 370
.248, 372
.261, 374
.275, 376
.288, 378
.301, 382
.314, 384
.329, 384
.342, 386
.389, 396
.408, 400
.432, 406
.448, 408
.478, 412
.506, 418
.526, 422
.543, 422
.556, 424
.570, 426
.582, 426
.597, 428
.611, 428
.628, 430
.645, 432
.660, 434
.674, 434
.687, 434
.699, 434
.712, 434
.726, 434
.740, 436
.753, 436
.770, 438
.787, 440
.812, 444
.826, 444
.843, 446
.868, 448
.882, 446
.908, 448
.922, 450
.934, 450
.946, 448
.959, 448
.971, 448
.988, 448
1.003, 448
1.019, 450
1.032, 448
1.044, 448
1.057, 448
1.069, 446
1.081, 446
1.094, 444
1.108, 446
1.132, 446
1.148, 448
1.167, 450
1.179, 450
1.193, 448
1.210, 450
1.222, 450
1.240, 450
1.256, 450
1.276, 452
1.291, 454
1.303, 454
1.316, 452
1.328, 452
1.340, 452
1.352, 450
1.366, 450
1.381, 452
1.393, 452
1.412, 452
1.424, 452
1.437, 450
1.449, 450
1.461, 448
1.474, 448
1.487, 448
1.499, 448
1.511, 446
1.524, 446
1.536, 444
1.548, 444
1.561, 444
1.573, 444
1.585, 442
1.599, 444
1.615, 444
1.628, 444
1.646, 448
1.663, 448
1.677, 450
1.692, 450
1.706, 450
1.721, 452
1.749, 452
1.773, 458
1.789, 462
1.820, 464
1.842, 466
1.865, 468
1.900, 472
1.921, 476
1.948, 480
1.964, 480
1.992, 480
2.014, 484
2.043, 488
2.058, 488
2.073, 488
2.095, 490
2.109, 492
2.148, 492
2.173, 494
2.192, 496
2.222, 498
2.238, 496
2.261, 496
2.285, 496
2.310, 498
2.333, 498
2.352, 500
2.367, 498
2.384, 498
2.407, 496
2.438, 498
2.467, 500
2.484, 500
2.507, 502
2.523, 500
2.537, 500
2.558, 498
2.580, 498
2.602, 498
2.627, 498
2.648, 500
2.662, 500
2.678, 500
2.709, 500
2.724, 498
2.739, 500
2.763, 500
2.778, 500
2.801, 498
2.815, 498
2.835, 498
2.850, 496
2.862, 496
2.874, 492
2.885, 490
2.898, 488
2.910, 488
2.923, 486
2.938, 486
2.952, 484
2.970, 484
2.986, 486
3.013, 488
3.026, 490
3.047, 490
3.083, 490
3.103, 490
3.136, 494
3.172, 496
3.188, 494
3.218, 494
3.235, 496
3.260, 498
3.281, 500
3.304, 500
3.320, 498
3.352, 500
3.366, 500
3.387, 500
3.409, 500
3.421, 498
3.435, 498
3.447, 496
3.461, 494
3.475, 494
3.490, 492
3.512, 494
3.530, 494
3.543, 494
3.556, 492
3.569, 490
3.582, 490
3.595, 488
3.609, 490
3.633, 490
3.650, 490
3.666, 492
3.681, 494
3.694, 492
3.707, 490
3.719, 490
3.733, 488
3.747, 488
3.766, 488
3.784, 490
3.803, 490
3.816, 490
3.829, 488
3.842, 486
3.856, 486
3.870, 484
3.883, 484
3.896, 482
3.909, 482
3.925, 482
3.944, 482
3.971, 484
3.989, 482
4.003, 482
4.016, 480
4.035, 480
4.048, 480
4.063, 478
4.076, 478
4.088, 476
4.101, 476
4.114, 474
4.127, 472
4.145, 472
4.158, 470
4.171, 470
4.184, 470
4.199, 470
4.214, 468
4.230, 470
4.246, 470
4.271, 472
4.288, 474
4.303, 476
4.316, 474
4.329, 474
4.342, 472
4.355, 472
4.368, 472
4.386, 472
4.399, 472
4.416, 472
4.436, 474
4.449, 472
4.462, 472
4.476, 472
4.493, 472
4.506, 472
4.531, 472
4.544, 472
4.565, 472
4.579, 472
4.593, 472
4.607, 472
4.619, 470
4.632, 470
4.645, 468
4.658, 468
4.671, 466
4.684, 466
4.696, 466
4.710, 466
4.726, 466
4.740, 466
4.754, 468
4.771, 468
4.797, 468
4.822, 472
4.847, 472
4.870, 474
4.904, 476
4.921, 476
4.935, 476
4.953, 476
4.981, 478
5.008, 478
5.021, 478
5.036, 478
5.051, 478
5.070, 478
5.085, 478
5.103, 480
5.125, 480
5.144, 482
5.161, 482
5.175, 482
5.190, 482
5.202, 482
5.215, 480
5.227, 478
5.243, 480
5.265, 482
5.294, 486
5.310, 494
5.327, 496
5.351, 502
5.369, 506
5.389, 508
5.419, 514
5.442, 516
5.457, 520
5.478, 524
5.494, 524
5.519, 526
5.552, 532
5.575, 536
5.591, 536
5.605, 536
5.620, 538
5.635, 540
5.649, 542
5.677, 542
5.705, 544
5.719, 546
5.734, 546
5.747, 548
5.768, 550
5.785, 550
5.798, 550
5.810, 550
5.822, 550
5.834, 550
5.847, 550
5.860, 552
5.872, 552
5.885, 554
5.898, 552
5.910, 552
5.922, 554
5.935, 552
5.947, 552
5.959, 554
5.972, 554
5.986, 554
6.001, 556
6.018, 556
6.035, 556
6.057, 558
6.077, 558
6.092, 558
6.117, 558
6.139, 558
6.157, 558
6.177, 558
6.190, 560
6.203, 558
6.215, 556
6.227, 554
6.240, 554
6.254, 552
6.267, 552
6.279, 550
6.291, 550
6.304, 550
6.316, 550
6.329, 550
6.341, 550
6.354, 550
6.368, 550
6.384, 552
6.406, 552
6.421, 554
6.434, 552
6.446, 552
6.459, 552
6.471, 552
6.484, 552
6.497, 552
6.513, 554
6.528, 552
6.544, 554
6.557, 554
6.569, 554
6.582, 556
6.594, 554
6.612, 556
6.627, 556
6.640, 556
6.657, 556
6.675, 556
6.693, 558
6.708, 560
6.724, 560
6.737, 560
6.757, 560
6.773, 560
6.786, 560
6.804, 562
6.823, 562
6.843, 562
6.858, 564
6.872, 564
6.889, 566
6.914, 568
6.928, 566
6.945, 568
6.964, 568
6.979, 568
6.993, 568
7.006, 566
7.021, 566
7.039, 566
7.055, 566
7.071, 568
7.098, 570
7.116, 568
7.130, 568
7.153, 568
7.170, 570
7.189, 568
7.220, 570
7.236, 572
7.252, 570
7.279, 572
7.294, 572
7.311, 572
7.332, 574
7.349, 574
7.363, 574
7.384, 574
7.398, 574
7.423, 576
7.444, 576
7.479, 576
7.493, 574
7.510, 576
7.525, 574
7.540, 572
7.554, 572
7.568, 572
7.592, 572
7.606, 572
7.629, 572
7.643, 572
7.661, 570
7.693, 572
7.712, 572
7.734, 572
7.749, 570
7.764, 570
7.779, 572
7.792, 572
7.814, 568
7.827, 570
7.843, 568
7.868, 570
7.884, 570
7.898, 570
7.911, 570
7.926, 570
7.945, 570
7.958, 570
7.977, 570
7.995, 570
8.015, 570
8.031, 572
8.045, 572
8.058, 572
8.075, 574
8.093, 574
8.108, 574
8.124, 572
8.147, 572
8.160, 570
8.177, 568
8.190, 568
8.202, 568
8.217, 566
8.230, 564
8.242, 562
8.254, 562
8.267, 562
8.279, 562
8.291, 560
8.304, 562
8.317, 562
8.330, 560
8.345, 562
8.364, 562
8.386, 564
8.399, 566
8.415, 566
8.436, 568
8.451, 568
8.468, 568
8.486, 570
8.515, 572
8.533, 570
8.551, 572
8.567, 572
8.581, 572
8.601, 574
8.619, 574
8.654, 572
8.670, 572
8.684, 572
8.701, 570
8.714, 568
8.729, 568
8.750, 566
8.771, 566
8.801, 566
8.818, 568
8.834, 566
8.857, 566
8.887, 568
8.909, 570
8.928, 570
8.943, 572
8.957, 572
8.974, 572
8.990, 572
9.010, 570
9.025, 572
9.046, 572
9.071, 572
9.086, 572
9.103, 572
9.116, 570
9.130, 570
9.148, 570
9.171, 570
9.187, 570
9.202, 572
9.217, 572
9.230, 572
9.243, 572
9.259, 570
9.272, 570
9.290, 570
9.316, 568
9.333, 568
9.351, 568
9.370, 568
9.385, 570
9.420, 570
9.439, 570
9.462, 570
9.479, 570
9.495, 572
9.511, 572
9.530, 574
9.545, 572
9.559, 572
9.585, 574
9.604, 572
9.623, 574
9.654, 576
9.678, 576
9.697, 576
9.719, 578
9.734, 578
9.760, 578
9.776, 578
9.789, 578
9.809, 580
9.831, 580
9.846, 578
9.863, 578
9.879, 580
9.895, 580
9.909, 580
9.921, 578
9.936, 576
9.950, 576
9.965, 576
9.983, 576
9.997, 576
10.017, 576
10.030, 576
10.045, 576
10.058, 574
10.074, 572
10.093, 572
10.113, 572
10.137, 574
10.151, 572
10.165, 574
10.182, 572
10.196, 574
10.223, 574
10.241, 574
10.254, 574
10.270, 574
10.284, 572
10.297, 572
10.310, 572
10.325, 572
10.339, 572
10.355, 572
10.376, 574
10.391, 576
10.407, 576
10.425, 576
10.446, 576
10.472, 574
10.497, 574
10.513, 576
10.531, 574
10.544, 574
10.564, 574
10.577, 574
10.591, 572
10.607, 572
10.625, 572
10.650, 572
10.665, 572
10.678, 570
10.691, 570
10.703, 570
10.716, 570
10.732, 570
10.745, 570
10.770, 570
10.800, 570
10.819, 570
10.835, 572
10.853, 574
10.883, 574
10.908, 574
10.923, 574
10.939, 574
10.953, 576
10.966, 574
10.979, 572
10.993, 572
11.007, 570
11.022, 570
11.044, 570
11.063, 572
11.077, 572
11.094, 572
11.114, 572
11.146, 572
11.161, 570
11.178, 570
11.193, 570
11.216, 570
11.235, 572
11.262, 574
11.282, 572
11.296, 572
11.314, 572
11.330, 572
11.343, 572
11.359, 572
11.372, 570
11.386, 570
11.404, 568
11.418, 568
11.437, 570
11.460, 570
11.475, 570
11.489, 570
11.506, 570
11.529, 572
11.547, 572
11.564, 572
11.591, 574
11.605, 574
11.621, 574
11.641, 576
11.666, 574
11.697, 574
11.712, 576
11.733, 574
11.752, 574
11.766, 572
11.784, 572
11.801, 572
11.838, 572
11.852, 574
11.869, 574
11.884, 572
11.905, 572
11.920, 572
11.937, 572
11.951, 572
11.968, 572
11.985, 574
11.999, 574
12.012, 572
12.025, 572
12.038, 570
12.054, 570
12.068, 570
12.083, 572
12.099, 572
12.116, 572
12.137, 572
12.151, 572
12.172, 574
12.192, 576
12.214, 576
12.233, 576
12.255, 576
12.269, 576
12.288, 576
12.303, 576
12.317, 576
12.331, 576
12.344, 574
12.357, 572
12.369, 570
12.382, 568
12.394, 566
12.410, 564
12.426, 564
12.447, 564
12.463, 564
12.477, 566
12.491, 566
12.504, 566
12.517, 566
12.529, 566
12.544, 566
12.568, 568
12.589, 568
12.606, 570
12.620, 570
12.633, 568
12.645, 566
12.658, 566
12.671, 566
12.690, 566
12.708, 564
12.730, 566
12.756, 568
12.770, 568
12.787, 568
12.803, 568
12.829, 570
12.856, 570
12.872, 570
12.886, 570
12.902, 570
12.921, 570
12.936, 572
12.953, 572
12.969, 572
12.984, 572
12.996, 572
13.012, 572
13.025, 570
13.037, 568
13.051, 566
13.064, 566
13.081, 566
13.100, 566
13.123, 568
13.135, 570
13.158, 570
13.175, 572
13.192, 572
13.217, 572
13.246, 576
13.264, 576
13.278, 576
13.292, 576
13.308, 576
13.335, 576
13.349, 578
13.364, 578
13.383, 578
13.403, 580
13.419, 580
13.440, 580
13.454, 578
13.469, 578
13.481, 578
13.493, 576
13.506, 576
13.518, 578
13.531, 578
13.543, 578
13.557, 576
13.580, 576
13.597, 578
13.610, 578
13.634, 580
13.650, 580
13.665, 578
13.691, 580
13.707, 580
13.722, 580
13.740, 578
13.754, 578
13.774, 578
13.796, 578
13.812, 576
13.825, 576
13.840, 576
13.870, 576
13.885, 576
13.904, 576
13.925, 576
13.953, 574
13.973, 574
13.992, 574
14.017, 574
14.034, 576
14.052, 574
14.066, 574
14.082, 574
14.102, 576
14.117, 576
14.135, 574
14.149, 574
14.167, 574
14.187, 578
14.202, 576
14.222, 576
14.235, 576
14.248, 574
14.260, 572
14.273, 570
14.286, 568
14.298, 566
14.311, 564
14.323, 564
14.337, 564
14.354, 562
14.377, 562
14.392, 564
14.411, 564
14.427, 566
14.443, 564
14.465, 566
14.490, 566
14.508, 568
14.525, 570
14.540, 570
14.555, 572
14.569, 570
14.581, 570
14.594, 570
14.607, 570
14.622, 572
14.639, 572
14.657, 572
14.676, 574
14.691, 572
14.705, 572
14.722, 570
14.741, 572
14.755, 572
14.771, 572
14.791, 572
14.809, 574
14.824, 574
14.841, 574
14.857, 574
14.873, 574
14.889, 574
14.903, 574
14.921, 576
14.937, 574
14.950, 574
14.965, 572
14.978, 572
14.991, 572
15.003, 572
15.016, 572
15.028, 570
15.042, 570
15.054, 570
15.068, 568
15.080, 568
15.093, 568
15.109, 566
15.124, 566
15.145, 566
15.163, 566
15.180, 568
15.200, 570
15.214, 570
15.229, 570
15.249, 572
15.278, 572
15.295, 572
15.315, 574
15.331, 574
15.348, 572
15.376, 572
15.392, 572
15.408, 572
15.436, 574
15.455, 572
15.472, 574
15.488, 574
15.509, 572
15.525, 572
15.540, 570
15.555, 572
15.573, 572
15.592, 572
15.607, 572
15.627, 572
15.648, 574
15.664, 574
15.685, 572
15.699, 574
15.725, 576
15.739, 576
15.760, 576
15.786, 578
15.812, 576
15.827, 578
15.844, 576
15.860, 576
15.884, 574
15.902, 576
15.920, 576
15.934, 576
15.953, 576
15.975, 576
15.991, 576
16.004, 576
16.024, 576
16.038, 576
16.052, 576
16.064, 576
16.076, 576
16.089, 574
16.102, 574
16.114, 572
16.127, 570
16.142, 568
16.158, 568
16.188, 568
16.211, 568
16.225, 568
16.238, 568
16.257, 568
16.278, 568
16.298, 570
16.331, 574
16.344, 574
16.366, 574
16.380, 572
16.395, 572
16.411, 574
16.434, 574
16.454, 574
16.480, 574
16.496, 572
16.513, 572
16.531, 572
16.552, 574
16.577, 572
16.602, 572
16.617, 574
16.633, 574
16.647, 574
16.674, 574
16.688, 572
16.703, 572
16.721, 572
16.737, 572
16.758, 572
16.770, 572
16.783, 570
16.799, 568
16.816, 570
16.836, 572
16.858, 572
16.874, 572
16.889, 572
16.907, 570
16.923, 572
16.938, 572
16.954, 570
16.969, 570
16.994, 572
17.011, 574
17.026, 574
17.041, 574
17.066, 574
17.085, 572
17.107, 570
17.128, 572
17.142, 574
17.156, 574
17.169, 574
17.196, 574
17.214, 574
17.228, 574
17.252, 574
17.276, 574
17.290, 574
17.305, 576
17.323, 576
17.345, 576
17.360, 574
17.376, 574
17.398, 574
17.412, 576
17.431, 576
17.459, 576
17.473, 576
17.489, 574
17.514, 574
17.538, 576
17.553, 578
17.570, 576
17.588, 576
17.607, 576
17.633, 576
17.648, 576
17.663, 576
17.679, 576
17.693, 576
17.705, 574
17.718, 572
17.731, 570
17.744, 568
17.756, 566
17.769, 564
17.781, 562
17.793, 560
17.806, 558
17.818, 558
17.831, 558
17.844, 558
17.868, 558
17.886, 558
17.910, 558
17.926, 560
17.940, 562
17.956, 562
17.973, 564
17.988, 564
18.013, 566
18.045, 568
18.060, 568
18.074, 568
18.088, 568
18.114, 568
18.131, 568
18.146, 568
18.164, 570
18.183, 572
18.199, 572
18.214, 572
18.228, 572
18.244, 572
18.263, 572
18.282, 572
18.302, 574
18.321, 574
18.335, 574
18.349, 574
18.370, 574
18.386, 574
18.409, 574
18.426, 574
18.455, 574
18.472, 574
18.490, 574
18.509, 574
18.532, 574
18.546, 572
18.577, 572
18.594, 574
18.607, 574
18.627, 574
18.660, 576
18.678, 576
18.693, 576
18.709, 576
18.727, 578
18.742, 578
18.757, 578
18.783, 576
18.799, 576
18.822, 576
18.837, 574
18.860, 576
18.880, 574
18.899, 574
18.916, 576
18.930, 574
18.947, 576
18.964, 576
18.987, 578
19.002, 578
19.019, 576
19.044, 576
19.060, 576
19.080, 576
19.098, 576
19.111, 578
19.131, 578
19.143, 576
19.156, 576
19.169, 576
19.189, 574
19.208, 574
19.226, 574
19.243, 576
19.263, 574
19.277, 574
19.300, 574
19.318, 576
19.332, 576
19.350, 576
19.365, 576
19.383, 578
19.398, 578
19.416, 580
19.435, 580
19.453, 580
19.467, 578
19.497, 580
19.512, 580
19.526, 580
19.548, 578
19.572, 578
19.590, 578
19.620, 576
19.642, 576
19.656, 574
19.675, 574
19.691, 574
19.710, 574
19.727, 570
19.751, 566
19.768, 564
19.790, 562
19.819, 560
19.843, 558
19.867, 556
19.881, 554
19.900, 552
19.933, 548
19.962, 544
19.978, 542
20.000, 542
20.017, 540
20.036, 536
20.054, 536
20.087, 532
20.115, 530
20.138, 530
20.152, 528
20.176, 526
20.192, 524
20.217, 522
20.232, 522
20.251, 522
20.270, 520
20.291, 520
20.304, 518
20.326, 518
20.343, 518
20.361, 518
20.374, 516
20.403, 516
20.423, 518
20.454, 516
20.470, 516
