.009, 312
.032, 324
.049, 332
.064, 336
.092, 344
.106, 348
.124, 352
.160, 360
.205, 368
.221, 372
.233, 374
.245, 376
.258, 378
.274, 380
.290, 382
.305, 384
.318, 386
.331, 388
.344, 390
.368, 394
.393, 400
.409, 404
.426, 408
.448, 410
.480, 416
.505, 420
.531, 426
.549, 426
.565, 428
.583, 430
.600, 430
.618, 434
.641, 436
.662, 438
.688, 442
.712, 444
.726, 446
.743, 446
.760, 446
.774, 446
.789, 448
.802, 446
.815, 446
.827, 444
.840, 444
.852, 444
.865, 444
.880, 444
.906, 444
.922, 446
.936, 446
.952, 448
.964, 446
.977, 446
.989, 444
1.002, 444
1.018, 446
1.031, 446
1.047, 448
1.066, 452
1.079, 450
1.091, 450
1.104, 450
1.116, 448
1.131, 448
1.143, 448
1.156, 446
1.168, 446
1.182, 446
1.195, 446
1.214, 448
1.229, 446
1.243, 446
1.257, 446
1.270, 444
1.283, 444
1.296, 442
1.308, 442
1.320, 442
1.332, 442
1.346, 442
1.359, 442
1.385, 444
1.398, 444
1.410, 442
1.423, 442
1.435, 442
1.447, 442
1.460, 440
1.472, 440
1.486, 440
1.503, 440
1.516, 440
1.531, 442
1.546, 444
1.562, 446
1.576, 446
1.589, 444
1.602, 444
1.615, 444
1.628, 442
1.640, 442
1.653, 442
1.667, 442
1.681, 444
1.695, 444
1.709, 444
1.723, 446
1.738, 446
1.757, 450
1.776, 450
1.791, 454
1.820, 458
1.834, 458
1.849, 458
1.866, 458
1.882, 460
1.899, 462
1.920, 464
1.934, 464
1.948, 464
1.962, 464
1.976, 462
1.989, 462
2.004, 466
2.020, 468
2.034, 468
2.048, 470
2.077, 472
2.095, 472
2.110, 472
2.130, 474
2.168, 476
2.194, 478
2.216, 480
2.232, 480
2.246, 482
2.261, 482
2.283, 484
2.297, 484
2.311, 484
2.334, 486
2.350, 486
2.373, 484
2.388, 484
2.406, 486
2.434, 488
2.464, 490
2.479, 492
2.499, 492
2.514, 492
2.527, 490
2.552, 490
2.567, 490
2.579, 490
2.591, 486
2.604, 484
2.616, 482
2.629, 482
2.642, 480
2.655, 480
2.670, 480
2.684, 480
2.703, 480
2.719, 482
2.746, 484
2.764, 484
2.778, 484
2.795, 484
2.814, 486
2.828, 486
2.866, 486
2.887, 486
2.902, 486
2.917, 486
2.944, 486
2.965, 488
2.985, 488
3.008, 492
3.030, 490
3.054, 490
3.085, 492
3.114, 492
3.137, 492
3.153, 494
3.172, 496
3.190, 496
3.228, 496
3.252, 498
3.267, 498
3.284, 498
3.300, 498
3.324, 498
3.338, 498
3.352, 498
3.370, 498
3.395, 498
3.411, 498
3.428, 496
3.441, 494
3.454, 494
3.466, 492
3.480, 492
3.495, 492
3.510, 492
3.523, 490
3.540, 490
3.554, 490
3.566, 488
3.579, 486
3.600, 486
3.622, 486
3.635, 486
3.653, 486
3.671, 486
3.686, 484
3.699, 484
3.712, 482
3.725, 482
3.738, 480
3.754, 480
3.769, 480
3.793, 480
3.808, 482
3.822, 482
3.841, 482
3.860, 482
3.882, 482
3.897, 482
3.915, 482
3.936, 482
3.954, 484
3.970, 484
4.011, 484
4.041, 488
4.059, 488
4.084, 490
4.101, 490
4.125, 492
4.140, 492
4.166, 492
4.186, 492
4.216, 492
4.247, 494
4.263, 492
4.276, 490
4.293, 488
4.307, 488
4.322, 486
4.337, 486
4.350, 484
4.363, 484
4.376, 484
4.389, 482
4.401, 482
4.416, 480
4.433, 480
4.448, 480
4.464, 482
4.477, 482
4.498, 482
4.510, 482
4.523, 480
4.536, 478
4.550, 478
4.565, 478
4.578, 476
4.598, 478
4.614, 480
4.627, 480
4.639, 480
4.652, 478
4.663, 476
4.676, 474
4.688, 474
4.701, 472
4.714, 472
4.727, 470
4.739, 470
4.752, 470
4.765, 468
4.778, 468
4.794, 468
4.820, 470
4.834, 470
4.851, 474
4.864, 474
4.877, 472
4.890, 472
4.903, 470
4.916, 470
4.929, 470
4.947, 470
4.976, 472
4.990, 474
5.003, 472
5.016, 472
5.028, 470
5.042, 470
5.057, 470
5.075, 470
5.104, 472
5.125, 472
5.138, 470
5.152, 470
5.164, 468
5.177, 468
5.193, 468
5.209, 468
5.228, 470
5.241, 470
5.255, 470
5.267, 468
5.282, 470
5.296, 480
5.316, 494
5.340, 514
5.375, 530
5.404, 554
5.424, 564
5.446, 576
5.472, 586
5.494, 602
5.516, 612
5.534, 620
5.549, 626
5.563, 630
5.577, 632
5.593, 638
5.610, 644
5.635, 652
5.656, 656
5.670, 660
5.691, 666
5.705, 670
5.718, 672
5.735, 678
5.756, 682
5.770, 686
5.791, 688
5.806, 690
5.821, 694
5.834, 694
5.851, 698
5.865, 700
5.883, 706
5.900, 708
5.923, 712
5.939, 712
5.953, 716
5.966, 716
5.980, 718
5.996, 718
6.014, 718
6.035, 720
6.048, 722
6.072, 724
6.089, 726
6.114, 730
6.135, 734
6.149, 736
6.165, 738
6.180, 738
6.201, 738
6.218, 742
6.233, 742
6.255, 744
6.292, 746
6.325, 750
6.342, 752
6.369, 754
6.384, 756
6.406, 760
6.426, 760
6.441, 760
6.466, 760
6.483, 762
6.509, 764
6.526, 764
6.549, 766
6.566, 768
6.581, 768
6.599, 768
6.613, 768
6.638, 772
6.659, 774
6.684, 772
6.704, 772
6.731, 774
6.755, 776
6.770, 776
6.790, 776
6.807, 774
6.822, 772
6.837, 774
6.853, 774
6.884, 772
6.902, 770
6.919, 772
6.933, 772
6.948, 770
6.964, 772
6.982, 772
7.003, 770
7.019, 770
7.034, 772
7.051, 772
7.065, 774
7.079, 774
7.093, 774
7.110, 774
7.128, 774
7.144, 776
7.162, 776
7.193, 776
7.215, 778
7.236, 780
7.261, 778
7.277, 778
7.297, 780
7.311, 780
7.325, 778
7.338, 778
7.353, 778
7.373, 776
7.389, 776
7.411, 776
7.431, 778
7.450, 778
7.468, 778
7.490, 780
7.518, 780
7.532, 780
7.550, 782
7.565, 782
7.580, 784
7.598, 782
7.612, 782
7.627, 784
7.641, 784
7.660, 784
7.683, 782
7.700, 782
7.715, 782
7.731, 784
7.749, 782
7.764, 782
7.783, 782
7.803, 780
7.833, 758
7.856, 746
7.885, 728
7.908, 716
7.946, 700
7.982, 682
7.996, 676
8.015, 668
8.037, 660
8.071, 648
8.098, 636
8.112, 632
8.124, 626
8.137, 620
8.159, 614
8.176, 604
8.194, 600
8.210, 594
8.225, 592
8.244, 588
8.261, 584
8.274, 580
8.287, 576
8.301, 572
8.315, 568
8.331, 566
8.355, 562
8.371, 560
8.384, 556
8.398, 552
8.411, 548
8.426, 546
8.441, 544
8.458, 542
8.478, 540
8.496, 538
8.510, 538
8.523, 536
8.535, 534
8.548, 530
8.561, 528
