.031, 306
.045, 320
.059, 324
.082, 334
.096, 338
.110, 342
.124, 346
.156, 350
.207, 366
.220, 370
.233, 372
.246, 376
.259, 378
.296, 384
.332, 394
.353, 398
.368, 400
.385, 402
.400, 406
.417, 410
.437, 412
.450, 414
.470, 416
.484, 418
.497, 418
.510, 418
.525, 420
.540, 420
.561, 424
.590, 428
.608, 430
.634, 434
.650, 436
.677, 438
.696, 442
.712, 444
.735, 444
.750, 448
.775, 448
.789, 448
.804, 448
.816, 448
.834, 450
.850, 450
.863, 452
.878, 452
.892, 452
.905, 450
.924, 450
.937, 450
.960, 452
.986, 454
1.002, 454
1.016, 454
1.029, 454
1.048, 456
1.064, 456
1.077, 456
1.099, 456
1.114, 456
1.128, 456
1.143, 458
1.155, 456
1.172, 456
1.190, 454
1.208, 456
1.223, 458
1.241, 458
1.256, 460
1.274, 460
1.288, 460
1.311, 462
1.326, 460
1.343, 460
1.356, 460
1.387, 460
1.404, 462
1.420, 462
1.438, 462
1.457, 462
1.474, 464
1.488, 464
1.507, 464
1.521, 466
1.545, 468
1.558, 468
1.572, 466
1.590, 466
1.604, 466
1.623, 466
1.642, 466
1.672, 468
1.686, 468
1.703, 468
1.720, 470
1.748, 472
1.777, 476
1.805, 480
1.821, 480
1.844, 482
1.863, 484
1.883, 484
1.906, 488
1.929, 488
1.948, 490
1.966, 490
1.989, 490
2.001, 488
2.023, 488
2.047, 492
2.074, 494
2.098, 492
2.128, 492
2.142, 492
2.167, 492
2.196, 496
2.217, 494
2.242, 494
2.258, 496
2.274, 496
2.289, 496
2.304, 496
2.344, 498
2.369, 498
2.391, 498
2.415, 498
2.443, 498
2.459, 498
2.480, 500
2.494, 500
2.508, 500
2.525, 498
2.538, 498
2.554, 496
2.569, 496
2.590, 496
2.611, 496
2.627, 498
2.640, 496
2.653, 494
2.665, 494
2.678, 492
2.690, 490
2.705, 490
2.718, 490
2.731, 488
2.744, 486
2.757, 484
2.770, 482
2.782, 480
2.794, 480
2.808, 480
2.821, 480
2.840, 478
2.854, 478
2.875, 480
2.888, 480
2.901, 478
2.914, 476
2.927, 476
2.940, 476
2.954, 476
2.970, 476
2.985, 476
3.005, 480
3.029, 482
3.044, 484
3.057, 482
3.070, 480
3.083, 482
3.097, 482
3.113, 482
3.130, 484
3.151, 484
3.165, 486
3.179, 486
3.195, 488
3.211, 486
3.228, 486
3.243, 486
3.262, 488
3.284, 486
3.299, 486
3.321, 486
3.351, 484
3.374, 484
3.388, 484
3.406, 484
3.428, 486
3.444, 486
3.462, 486
3.498, 486
3.519, 486
3.557, 490
3.572, 488
3.587, 488
3.602, 488
3.629, 492
3.659, 492
3.684, 494
3.702, 496
3.720, 494
3.737, 494
3.752, 494
3.768, 494
3.787, 494
3.808, 494
3.822, 492
3.848, 496
3.864, 496
3.878, 496
3.904, 494
3.940, 492
3.960, 494
3.985, 498
4.016, 500
4.042, 502
4.057, 500
4.080, 500
4.094, 498
4.109, 498
4.122, 496
4.135, 496
4.148, 494
4.162, 494
4.175, 492
4.188, 490
4.203, 490
4.220, 490
4.234, 490
4.248, 490
4.275, 490
4.292, 490
4.312, 490
4.329, 490
4.351, 492
4.368, 492
4.383, 492
4.398, 492
4.416, 492
4.433, 492
4.446, 492
4.459, 490
4.472, 488
4.485, 486
4.498, 486
4.510, 484
4.523, 484
4.536, 484
4.550, 482
4.562, 480
4.574, 478
4.587, 476
4.600, 476
4.612, 474
4.624, 474
4.637, 474
4.652, 474
4.671, 474
4.685, 474
4.698, 474
4.715, 472
4.727, 470
4.740, 468
4.753, 468
4.766, 468
4.784, 468
4.803, 468
4.823, 470
4.840, 470
4.855, 472
4.869, 472
4.882, 472
4.895, 470
4.908, 470
4.920, 468
4.933, 466
4.946, 466
4.958, 466
4.971, 464
4.984, 466
4.997, 466
5.013, 466
5.030, 464
5.043, 464
5.058, 464
5.074, 466
5.099, 466
5.115, 470
5.134, 470
5.162, 474
5.176, 472
5.196, 474
5.211, 474
5.224, 474
5.239, 474
5.253, 474
5.267, 490
5.283, 504
5.299, 518
5.320, 538
5.336, 550
5.355, 564
5.374, 576
5.407, 600
5.428, 614
5.453, 632
5.475, 648
5.497, 660
5.516, 674
5.536, 686
5.558, 694
5.577, 702
5.604, 714
5.620, 724
5.642, 730
5.662, 738
5.680, 744
5.698, 750
5.719, 758
5.736, 764
5.752, 772
5.780, 776
5.795, 778
5.817, 782
5.844, 792
5.860, 796
5.879, 804
5.900, 812
5.914, 814
5.928, 814
5.946, 814
5.962, 820
5.981, 822
5.997, 826
6.011, 826
6.025, 824
6.041, 826
6.060, 828
6.075, 832
6.089, 834
6.102, 836
6.117, 838
6.131, 838
6.149, 840
6.163, 840
6.182, 842
6.198, 846
6.223, 844
6.240, 846
6.259, 850
6.275, 852
6.300, 856
6.317, 854
6.332, 852
6.348, 852
6.364, 856
6.379, 856
6.393, 858
6.407, 856
6.421, 856
6.435, 860
6.448, 858
6.461, 858
6.474, 858
6.487, 858
6.501, 860
6.515, 864
6.529, 864
6.550, 862
6.567, 862
6.581, 860
6.598, 862
6.621, 860
6.637, 858
6.660, 860
6.681, 864
6.696, 862
6.717, 866
6.736, 868
6.764, 870
6.787, 872
6.801, 872
6.818, 874
6.835, 876
6.851, 878
6.866, 876
6.880, 874
6.893, 872
6.907, 872
6.921, 858
6.940, 840
6.956, 826
6.982, 808
6.998, 796
7.025, 776
7.044, 764
7.058, 754
7.076, 744
7.095, 732
7.113, 722
7.128, 714
7.158, 700
7.188, 686
7.211, 674
7.234, 670
7.253, 660
7.282, 650
7.302, 642
7.335, 634
7.360, 626
7.376, 620
7.393, 616
7.410, 612
7.426, 608
7.441, 604
7.455, 600
7.474, 594
7.497, 586
7.516, 584
7.529, 580
7.541, 576
7.554, 572
7.567, 568
7.582, 564
7.598, 560
7.616, 556
7.632, 554
7.649, 552
