.011, 324
.040, 334
.064, 340
.082, 350
.097, 354
.115, 358
.129, 362
.165, 368
.210, 376
.230, 378
.242, 380
.255, 382
.269, 384
.283, 386
.296, 388
.310, 390
.325, 392
.339, 392
.381, 400
.400, 406
.413, 408
.442, 414
.462, 416
.492, 420
.514, 426
.533, 430
.548, 432
.561, 432
.577, 434
.599, 436
.634, 440
.659, 444
.674, 446
.697, 448
.710, 448
.729, 450
.747, 448
.762, 450
.786, 452
.801, 454
.814, 452
.826, 452
.839, 450
.851, 450
.864, 450
.877, 448
.893, 450
.916, 450
.933, 452
.946, 452
.958, 452
.970, 450
.982, 450
.995, 448
1.009, 448
1.035, 450
1.053, 452
1.067, 454
1.089, 458
1.103, 458
1.117, 458
1.139, 458
1.157, 458
1.178, 462
1.196, 464
1.223, 464
1.238, 464
1.252, 464
1.271, 464
1.288, 466
1.304, 466
1.333, 466
1.350, 468
1.369, 468
1.382, 468
1.396, 466
1.423, 466
1.438, 466
1.467, 468
1.481, 466
1.504, 464
1.516, 464
1.528, 462
1.542, 462
1.556, 460
1.580, 460
1.600, 460
1.614, 460
1.638, 460
1.651, 458
1.664, 458
1.681, 458
1.695, 460
1.712, 462
1.732, 464
1.747, 466
1.764, 466
1.785, 468
1.801, 468
1.820, 470
1.838, 472
1.865, 476
1.880, 476
1.902, 478
1.917, 478
1.938, 480
1.952, 480
1.967, 478
1.985, 478
2.003, 480
2.026, 482
2.050, 482
2.065, 482
2.098, 484
2.116, 486
2.151, 486
2.182, 486
2.212, 490
2.224, 490
2.238, 490
2.268, 490
2.290, 492
2.327, 492
2.343, 492
2.359, 492
2.380, 492
2.402, 492
2.420, 492
2.465, 492
2.479, 494
2.494, 492
2.512, 492
2.526, 492
2.540, 492
2.556, 490
2.572, 490
2.587, 488
2.605, 490
2.618, 490
2.634, 490
2.647, 488
2.659, 488
2.672, 486
2.686, 484
2.705, 484
2.721, 484
2.736, 484
2.759, 484
2.774, 484
2.787, 482
2.800, 482
2.813, 482
2.826, 480
2.845, 482
2.859, 482
2.886, 482
2.899, 482
2.912, 480
2.924, 478
2.936, 476
2.949, 476
2.963, 476
2.987, 478
3.002, 478
3.014, 476
3.033, 476
3.046, 476
3.058, 474
3.072, 474
3.087, 474
3.107, 474
3.126, 476
3.142, 476
3.157, 476
3.169, 476
3.182, 476
3.197, 474
3.210, 474
3.222, 474
3.235, 474
3.248, 472
3.261, 472
3.273, 470
3.286, 470
3.303, 470
3.319, 470
3.335, 472
3.355, 472
3.367, 472
3.380, 472
3.393, 470
3.406, 470
3.419, 470
3.433, 470
3.460, 470
3.484, 474
3.506, 476
3.527, 480
3.545, 480
3.559, 480
3.573, 480
3.594, 480
3.614, 480
3.632, 482
3.650, 482
3.667, 482
3.681, 482
3.694, 482
3.709, 482
3.725, 484
3.757, 486
3.773, 486
3.788, 486
3.805, 486
3.824, 486
3.840, 486
3.855, 486
3.877, 488
3.902, 490
3.936, 490
3.963, 492
3.997, 496
4.026, 496
4.046, 496
4.063, 496
4.093, 494
4.122, 494
4.136, 494
4.149, 494
4.166, 494
4.180, 492
4.194, 492
4.206, 490
4.230, 490
4.249, 488
4.266, 488
4.282, 488
4.308, 488
4.322, 486
4.334, 486
4.347, 484
4.359, 482
4.372, 482
4.385, 482
4.400, 482
4.420, 482
4.439, 480
4.451, 480
4.463, 478
4.476, 476
4.488, 476
4.502, 474
4.520, 474
4.536, 476
4.556, 476
4.578, 474
4.591, 474
4.604, 474
4.617, 472
4.630, 472
4.645, 472
4.658, 472
4.670, 470
4.683, 470
4.696, 468
4.709, 468
4.721, 468
4.734, 466
4.747, 466
4.761, 466
4.780, 468
4.802, 468
4.824, 468
4.837, 468
4.850, 468
4.862, 466
4.875, 466
4.893, 468
4.909, 468
4.927, 470
4.945, 472
4.959, 472
4.971, 470
4.983, 468
4.996, 468
5.008, 468
5.024, 468
5.045, 468
5.061, 470
5.085, 470
5.096, 468
5.108, 466
5.120, 464
5.134, 464
5.148, 464
5.162, 464
5.179, 466
5.201, 466
5.221, 468
5.236, 474
5.253, 494
5.267, 506
5.281, 522
5.296, 538
5.309, 548
5.323, 558
5.336, 570
5.348, 582
5.362, 592
5.376, 602
5.389, 610
5.406, 624
5.424, 632
5.439, 646
5.455, 656
5.469, 662
5.485, 674
5.500, 684
5.514, 690
5.529, 700
5.548, 708
5.560, 714
5.573, 722
5.586, 732
5.600, 734
5.614, 740
5.628, 746
5.641, 752
5.655, 756
5.668, 762
5.681, 766
5.694, 772
5.716, 780
5.731, 784
5.749, 794
5.763, 798
5.776, 804
5.796, 808
5.810, 808
5.827, 814
5.842, 814
5.857, 820
5.876, 824
5.890, 830
5.904, 834
5.921, 836
5.934, 840
5.949, 842
5.962, 846
5.980, 850
5.996, 850
6.014, 856
6.037, 860
6.053, 864
6.075, 870
6.092, 870
6.110, 872
6.128, 876
6.153, 878
6.168, 886
6.185, 884
6.201, 890
6.215, 890
6.231, 892
6.244, 892
6.258, 894
6.271, 894
6.285, 896
6.299, 896
6.313, 896
6.327, 900
6.344, 898
6.365, 900
6.384, 898
6.414, 904
6.430, 906
6.445, 906
6.464, 906
6.494, 904
6.509, 902
6.524, 906
6.539, 908
6.559, 910
6.575, 908
6.590, 910
6.606, 912
6.636, 912
6.680, 894
6.695, 876
6.728, 848
6.741, 834
6.757, 820
6.772, 806
6.790, 792
6.806, 780
6.818, 770
6.832, 758
6.848, 746
6.863, 736
6.879, 726
6.895, 718
6.914, 708
6.928, 698
6.946, 688
6.965, 678
6.979, 670
6.996, 662
7.011, 656
7.045, 642
7.072, 634
7.088, 628
7.110, 618
7.134, 612
7.165, 602
7.205, 592
7.228, 588
7.246, 584
7.272, 578
7.297, 572
7.316, 568
7.333, 566
7.355, 564
7.370, 560
7.388, 558
7.408, 554
