.008, 302
.027, 312
.052, 320
.068, 330
.081, 334
.105, 340
.118, 344
.131, 346
.154, 350
.201, 360
.221, 366
.234, 368
.247, 370
.261, 374
.284, 378
.300, 382
.316, 388
.334, 392
.355, 398
.388, 402
.413, 408
.445, 416
.460, 416
.476, 418
.494, 420
.506, 420
.518, 420
.532, 420
.552, 424
.579, 430
.601, 432
.622, 434
.640, 436
.663, 436
.684, 440
.711, 444
.727, 444
.743, 444
.758, 446
.773, 446
.791, 446
.809, 446
.829, 448
.845, 448
.864, 450
.878, 452
.894, 452
.911, 452
.936, 454
.952, 456
.977, 456
.996, 458
1.011, 460
1.028, 458
1.047, 458
1.077, 460
1.097, 460
1.121, 464
1.135, 464
1.149, 464
1.167, 464
1.200, 464
1.222, 466
1.244, 466
1.261, 468
1.278, 468
1.294, 466
1.316, 468
1.335, 466
1.356, 468
1.376, 468
1.396, 468
1.412, 468
1.434, 466
1.449, 466
1.478, 468
1.494, 468
1.508, 468
1.524, 468
1.537, 466
1.552, 466
1.569, 466
1.585, 468
1.600, 470
1.629, 470
1.647, 470
1.667, 472
1.686, 472
1.706, 472
1.725, 472
1.749, 478
1.786, 478
1.802, 482
1.820, 482
1.838, 486
1.857, 488
1.877, 488
1.897, 490
1.922, 492
1.939, 492
1.960, 492
1.985, 494
2.004, 494
2.020, 494
2.060, 494
2.082, 496
2.107, 498
2.143, 498
2.158, 500
2.182, 500
2.214, 500
2.243, 502
2.260, 502
2.275, 502
2.292, 502
2.308, 500
2.323, 500
2.345, 500
2.358, 498
2.375, 498
2.395, 498
2.421, 500
2.441, 498
2.464, 500
2.500, 500
2.519, 500
2.544, 500
2.563, 500
2.580, 500
2.605, 500
2.630, 500
2.650, 500
2.668, 500
2.687, 502
2.706, 502
2.720, 500
2.750, 498
2.766, 500
2.780, 498
2.801, 500
2.821, 502
2.836, 500
2.850, 500
2.867, 500
2.885, 498
2.903, 496
2.916, 496
2.928, 494
2.941, 492
2.953, 490
2.966, 490
2.981, 488
3.009, 490
3.024, 490
3.049, 492
3.062, 492
3.077, 492
3.091, 492
3.119, 490
3.135, 488
3.149, 486
3.172, 490
3.194, 490
3.209, 490
3.231, 490
3.264, 492
3.283, 492
3.304, 492
3.320, 494
3.337, 492
3.357, 492
3.383, 492
3.401, 492
3.417, 492
3.446, 490
3.468, 494
3.488, 494
3.503, 494
3.518, 494
3.550, 494
3.576, 494
3.597, 494
3.623, 496
3.645, 496
3.673, 494
3.689, 494
3.723, 492
3.739, 494
3.752, 494
3.768, 494
3.784, 494
3.803, 494
3.816, 494
3.830, 492
3.843, 490
3.856, 488
3.869, 488
3.882, 488
3.895, 486
3.909, 486
3.924, 486
3.947, 486
3.979, 486
3.994, 486
4.017, 486
4.039, 488
4.063, 488
4.097, 492
4.117, 490
4.137, 492
4.154, 492
4.177, 492
4.212, 492
4.240, 494
4.257, 494
4.280, 494
4.299, 494
4.318, 494
4.331, 494
4.352, 492
4.370, 492
4.397, 492
4.414, 494
4.430, 492
4.451, 490
4.466, 490
4.484, 492
4.497, 490
4.510, 490
4.522, 488
4.534, 486
4.546, 482
4.558, 480
4.571, 480
4.585, 480
4.601, 480
4.618, 480
4.640, 480
4.654, 480
4.670, 482
4.684, 482
4.698, 482
4.715, 482
4.740, 482
4.758, 484
4.772, 484
4.800, 486
4.814, 486
4.829, 488
4.844, 486
4.861, 484
4.876, 484
4.889, 484
4.908, 484
4.926, 484
4.942, 484
4.957, 484
4.971, 484
4.983, 482
4.996, 482
5.010, 480
5.023, 480
5.036, 478
5.049, 478
5.062, 476
5.076, 474
5.090, 474
5.107, 474
5.121, 474
5.139, 474
5.164, 478
5.178, 478
5.193, 478
5.211, 478
5.228, 478
5.243, 478
5.255, 476
5.268, 476
5.281, 474
5.294, 474
5.307, 474
5.320, 472
5.338, 472
5.352, 472
5.373, 476
5.406, 492
5.426, 502
5.451, 512
5.470, 522
5.500, 530
5.525, 542
5.547, 548
5.567, 556
5.581, 562
5.600, 566
5.615, 572
5.630, 578
5.645, 582
5.658, 582
5.671, 586
5.684, 590
5.698, 592
5.711, 594
5.728, 598
5.742, 600
5.762, 602
5.776, 604
5.790, 608
5.805, 612
5.818, 614
5.831, 614
5.848, 616
5.869, 620
5.886, 622
5.901, 624
5.918, 628
5.932, 630
5.945, 630
5.959, 634
5.972, 634
5.985, 634
5.999, 636
6.021, 640
6.036, 642
6.052, 642
6.069, 644
6.082, 646
6.095, 646
6.108, 648
6.120, 648
6.134, 650
6.147, 652
6.160, 652
6.173, 652
6.188, 654
6.200, 654
6.213, 654
6.226, 654
6.239, 654
6.252, 656
6.265, 656
6.278, 658
6.292, 658
6.306, 660
6.322, 660
6.335, 660
6.358, 662
6.387, 662
6.401, 662
6.417, 662
6.431, 664
6.449, 666
6.474, 666
6.491, 668
6.507, 670
6.525, 670
6.538, 670
6.560, 672
6.583, 674
6.607, 676
6.626, 676
6.644, 678
6.670, 678
6.689, 680
6.713, 680
6.733, 680
6.754, 680
6.774, 684
6.789, 684
6.806, 686
6.822, 686
6.843, 686
6.858, 686
6.877, 688
6.895, 690
6.913, 690
6.933, 692
6.950, 690
6.967, 692
6.989, 692
7.005, 694
7.023, 694
7.042, 694
7.058, 694
7.072, 694
7.085, 694
7.099, 694
7.113, 692
7.127, 692
7.140, 692
7.153, 690
7.165, 690
7.178, 690
7.191, 688
7.206, 690
7.234, 690
7.250, 686
7.263, 686
7.279, 686
7.293, 686
7.306, 686
7.319, 686
7.335, 686
7.351, 688
7.377, 686
7.408, 688
7.423, 686
7.438, 686
7.455, 686
7.475, 686
7.496, 686
7.521, 686
7.534, 686
7.550, 686
7.563, 686
7.576, 686
7.592, 686
7.609, 686
7.624, 688
7.639, 688
7.656, 686
7.670, 688
7.687, 688
7.701, 686
7.715, 688
7.729, 688
7.746, 688
7.761, 688
7.784, 688
7.806, 688
7.821, 690
7.837, 690
7.877, 692
7.895, 692
7.926, 692
7.952, 694
7.967, 694
7.981, 694
7.998, 694
8.018, 694
8.035, 692
8.059, 694
8.081, 694
8.101, 692
8.117, 692
8.140, 694
8.159, 694
8.174, 694
8.197, 694
8.218, 696
8.237, 696
8.255, 694
8.275, 698
8.296, 698
8.318, 698
8.342, 698
8.356, 698
8.372, 698
8.393, 698
8.413, 700
8.434, 700
8.463, 700
8.486, 696
8.501, 696
8.517, 694
8.533, 694
8.554, 696
8.570, 696
8.590, 694
8.608, 692
8.633, 692
8.647, 692
8.665, 694
8.685, 692
8.702, 692
8.723, 692
8.747, 690
8.764, 690
8.786, 690
8.800, 690
8.821, 690
8.841, 690
8.866, 690
8.885, 688
8.905, 688
8.924, 688
8.939, 688
8.971, 690
8.998, 688
9.024, 688
9.039, 688
9.063, 688
9.082, 690
9.097, 690
9.110, 690
9.125, 690
9.141, 690
9.154, 690
9.167, 688
9.180, 688
9.193, 688
9.213, 688
9.227, 688
9.245, 688
9.276, 686
9.290, 686
9.304, 686
9.321, 688
9.343, 688
9.359, 686
9.379, 686
9.391, 684
9.409, 678
9.429, 668
9.447, 662
9.468, 654
9.488, 646
9.502, 638
9.518, 634
9.531, 628
9.544, 622
9.556, 618
9.569, 612
9.582, 606
9.596, 602
9.614, 596
9.635, 592
9.661, 586
9.680, 582
9.693, 578
9.705, 574
9.718, 570
9.734, 566
9.751, 564
9.767, 560
9.789, 558
9.805, 556
9.819, 554
9.832, 550
9.845, 546
9.859, 544
9.873, 542
9.891, 538
9.924, 534
9.939, 534
9.952, 530
9.965, 528
9.978, 524
9.991, 522
10.007, 520
10.023, 518
10.043, 516
10.057, 514
10.070, 514
10.082, 512
10.095, 510
10.107, 508
10.121, 506
10.135, 506
