.007, 12144
.026, 12144
.057, 12144
.071, 12144
.084, 12136
.097, 12136
.114, 12136
.129, 12136
.181, 12136
.209, 12136
.222, 12136
.246, 12136
.265, 12136
.284, 12136
.297, 12136
.310, 12136
.327, 12136
.356, 12136
.370, 12136
.387, 12136
.404, 12136
.418, 12136
.437, 12128
.450, 12128
.462, 12128
.477, 12128
.490, 12128
.503, 12128
.515, 12128
.527, 12128
.540, 12128
.552, 12128
.564, 12128
.582, 12128
.597, 12128
.613, 12128
.628, 12128
.649, 12128
.666, 12128
.680, 12128
.695, 12128
.723, 12128
.757, 12128
.772, 12128
.785, 12128
.799, 12128
.815, 12128
.831, 12128
.845, 12128
.860, 12128
.883, 12128
.896, 12128
.913, 12128
.926, 12128
.940, 12128
.958, 12128
.977, 12128
.991, 12128
1.014, 12128
1.029, 12128
1.043, 12128
1.059, 12128
1.072, 12128
1.088, 12128
1.100, 12128
1.112, 12128
1.125, 12128
1.137, 12128
1.149, 12128
1.162, 12128
1.174, 12128
1.190, 12128
1.212, 12128
1.243, 12128
1.256, 12128
1.271, 12128
1.287, 12128
1.302, 12128
1.320, 12128
1.348, 12128
1.366, 12128
1.380, 12128
1.395, 12128
1.410, 12128
1.424, 12128
1.436, 12128
1.450, 12128
1.464, 12128
1.482, 12128
1.497, 12128
1.511, 12128
1.525, 12128
1.540, 12128
1.554, 12128
1.572, 12128
1.588, 12128
1.601, 12128
1.622, 12128
1.637, 12128
1.652, 12128
1.668, 12128
1.686, 12128
1.700, 12128
1.718, 12128
1.745, 12128
1.772, 12128
1.787, 12128
1.816, 12128
1.843, 12128
1.876, 12128
1.902, 12128
1.924, 12128
1.939, 12128
1.953, 12128
1.975, 12128
1.991, 12128
2.027, 12128
2.042, 12128
2.058, 12128
2.089, 12128
2.104, 12128
2.119, 12128
2.139, 12128
2.164, 12128
2.194, 12128
2.211, 12128
2.225, 12128
2.246, 12128
2.261, 12128
2.298, 12128
2.317, 12128
2.334, 12128
2.350, 12128
2.368, 12128
2.383, 12128
2.399, 12128
2.422, 12128
2.439, 12128
2.469, 12128
2.484, 12128
2.499, 12128
2.516, 12128
2.531, 12128
2.547, 12128
2.560, 12128
2.575, 12128
2.591, 12128
2.606, 12128
2.625, 12128
2.641, 12128
2.656, 12128
2.680, 12128
2.705, 12128
2.725, 12128
2.738, 12128
2.761, 12128
2.785, 12128
2.797, 12128
2.820, 12128
2.834, 12128
2.854, 12128
2.869, 12128
2.888, 12128
2.902, 12128
2.924, 12128
2.937, 12128
2.951, 12128
2.969, 12128
2.987, 12128
3.012, 12128
3.026, 12128
3.041, 12128
3.058, 12128
3.076, 12128
3.110, 12128
3.130, 12128
3.152, 12128
3.171, 12128
3.188, 12128
3.203, 12128
3.220, 12128
3.244, 12128
3.260, 12128
3.283, 12128
3.303, 12128
3.317, 12128
3.333, 12128
3.363, 12128
3.378, 12128
3.403, 12128
3.417, 12128
3.431, 12128
3.445, 12128
3.462, 12128
3.475, 12128
3.491, 12128
3.503, 12128
3.516, 12128
3.529, 12128
3.541, 12128
3.554, 12128
3.567, 12128
3.580, 12128
3.600, 12128
3.617, 12128
3.648, 12128
3.661, 12128
3.677, 12128
3.695, 12128
3.713, 12128
3.735, 12128
3.754, 12128
3.768, 12128
3.788, 12128
3.802, 12128
3.817, 12128
3.835, 12128
3.858, 12128
3.875, 12128
3.889, 12128
3.904, 12128
3.926, 12128
3.940, 12128
3.954, 12128
3.969, 12128
3.985, 12128
4.004, 12128
4.030, 12128
4.049, 12128
4.062, 12128
4.080, 12128
4.096, 12128
4.117, 12128
4.176, 12128
4.197, 12128
4.215, 12128
4.237, 12128
4.260, 12128
4.286, 12128
4.320, 12128
4.333, 12128
4.348, 12128
4.362, 12128
4.379, 12128
4.403, 12128
4.425, 12128
4.439, 12128
4.456, 12128
4.470, 12128
4.493, 12128
4.515, 12128
4.538, 12128
4.554, 12128
4.570, 12128
4.583, 12128
4.601, 12128
4.619, 12128
4.632, 12128
4.644, 12128
4.659, 12128
4.671, 12128
4.683, 12128
4.697, 12128
4.711, 12128
4.724, 12128
4.736, 12128
4.751, 12128
4.766, 12128
4.782, 12128
4.809, 12128
4.828, 12128
4.848, 12128
4.862, 12128
4.878, 12128
4.900, 12128
4.921, 12128
4.945, 12128
4.959, 12128
4.975, 12128
4.989, 12128
5.003, 12128
5.028, 12128
5.051, 12128
5.078, 12128
5.103, 12128
5.120, 12128
5.133, 12128
5.148, 12128
5.161, 12128
5.174, 12128
5.187, 12128
5.201, 12128
5.219, 12120
5.232, 12120
5.251, 12120
5.265, 12120
5.279, 12120
5.296, 12120
5.314, 12112
5.332, 12112
5.371, 12112
5.386, 12112
5.400, 12112
5.425, 12104
5.446, 12104
5.468, 12104
5.488, 12104
5.503, 12104
5.525, 12104
5.541, 12104
5.561, 12104
5.576, 12096
5.592, 12096
5.611, 12096
5.629, 12096
5.646, 12096
5.659, 12096
5.673, 12096
5.689, 12096
5.706, 12096
5.722, 12096
5.739, 12096
5.753, 12096
5.772, 12096
5.787, 12096
5.803, 12088
5.817, 12088
5.834, 12088
5.850, 12088
5.871, 12088
5.886, 12088
5.901, 12088
5.916, 12088
5.930, 12088
5.945, 12088
5.963, 12088
5.977, 12088
5.990, 12088
6.007, 12088
6.023, 12088
6.039, 12088
6.060, 12088
6.074, 12088
6.098, 12088
6.114, 12088
6.128, 12088
6.143, 12088
6.164, 12088
6.180, 12088
6.196, 12088
6.217, 12080
6.231, 12080
6.244, 12080
6.259, 12080
6.277, 12080
6.292, 12080
6.308, 12080
6.325, 12080
6.345, 12080
6.360, 12080
6.374, 12080
6.392, 12080
6.408, 12080
6.421, 12080
6.435, 12080
6.448, 12080
6.479, 12080
6.494, 12080
6.513, 12080
6.535, 12080
6.549, 12080
6.566, 12080
6.581, 12080
6.600, 12080
6.619, 12080
6.638, 12080
6.669, 12088
6.686, 12088
6.701, 12088
6.717, 12088
6.731, 12096
6.745, 12096
6.760, 12096
6.777, 12096
6.791, 12096
6.805, 12096
6.835, 12096
6.851, 12104
6.878, 12104
6.893, 12104
6.907, 12104
6.923, 12104
6.944, 12104
6.963, 12104
6.977, 12104
6.994, 12112
7.008, 12112
7.022, 12112
7.037, 12112
7.051, 12112
7.064, 12112
7.081, 12112
7.097, 12112
7.111, 12112
7.147, 12112
7.161, 12112
7.178, 12112
7.197, 12120
7.212, 12120
7.230, 12120
7.244, 12120
7.259, 12120
7.273, 12120
7.289, 12120
7.302, 12120
7.321, 12120
7.334, 12120
7.357, 12120
7.370, 12120
