.019, 308
.047, 322
.063, 328
.079, 334
.103, 342
.123, 346
.139, 350
.175, 360
.214, 368
.227, 370
.240, 372
.256, 376
.269, 378
.285, 380
.316, 388
.351, 394
.369, 398
.391, 404
.409, 406
.435, 412
.455, 414
.469, 416
.481, 416
.494, 418
.507, 418
.521, 418
.537, 418
.552, 420
.567, 422
.586, 426
.602, 430
.616, 430
.643, 434
.659, 436
.677, 436
.691, 438
.709, 438
.722, 440
.734, 438
.746, 438
.758, 438
.770, 438
.784, 438
.802, 438
.814, 438
.838, 440
.867, 444
.883, 444
.896, 444
.918, 446
.941, 448
.965, 450
.981, 452
1.008, 454
1.026, 454
1.042, 454
1.063, 454
1.082, 456
1.096, 456
1.112, 458
1.125, 456
1.137, 456
1.150, 454
1.167, 456
1.183, 456
1.202, 458
1.239, 460
1.257, 460
1.271, 462
1.295, 462
1.308, 460
1.324, 460
1.357, 462
1.375, 464
1.390, 464
1.403, 464
1.419, 464
1.440, 464
1.456, 464
1.474, 466
1.501, 468
1.516, 468
1.530, 466
1.549, 466
1.565, 466
1.581, 464
1.593, 464
1.605, 462
1.617, 462
1.630, 460
1.643, 458
1.655, 458
1.669, 458
1.684, 458
1.713, 462
1.733, 464
1.751, 468
1.767, 468
1.786, 470
1.810, 472
1.830, 476
1.865, 478
1.883, 482
1.899, 482
1.914, 484
1.931, 484
1.945, 484
1.960, 484
1.974, 482
1.997, 482
2.015, 486
2.039, 488
2.055, 488
2.082, 486
2.100, 488
2.121, 486
2.135, 486
2.148, 484
2.165, 484
2.178, 484
2.194, 482
2.208, 480
2.221, 480
2.233, 478
2.245, 478
2.259, 476
2.272, 476
2.285, 476
2.302, 476
2.322, 478
2.354, 480
2.368, 480
2.384, 480
2.421, 482
2.459, 484
2.476, 484
2.489, 484
2.504, 482
2.519, 484
2.535, 486
2.551, 486
2.567, 486
2.604, 484
2.622, 488
2.637, 488
2.655, 488
2.669, 488
2.683, 486
2.697, 486
2.715, 486
2.729, 486
2.754, 488
2.769, 488
2.781, 488
2.795, 486
2.807, 484
2.820, 484
2.836, 484
2.868, 484
2.881, 484
2.901, 486
2.914, 484
2.927, 484
2.940, 482
2.955, 482
2.969, 480
2.983, 482
3.012, 482
3.033, 484
3.048, 484
3.061, 482
3.075, 480
3.102, 482
3.121, 484
3.141, 484
3.159, 486
3.172, 486
3.186, 486
3.199, 484
3.215, 484
3.230, 482
3.245, 482
3.270, 484
3.293, 486
3.316, 486
3.341, 488
3.360, 486
3.377, 486
3.392, 486
3.411, 486
3.425, 486
3.437, 484
3.457, 484
3.476, 484
3.489, 482
3.505, 484
3.533, 482
3.556, 482
3.570, 480
3.584, 480
3.599, 480
3.623, 480
3.643, 482
3.667, 482
3.683, 482
3.698, 482
3.717, 482
3.733, 482
3.755, 484
3.788, 486
3.803, 486
3.816, 486
3.830, 486
3.860, 486
3.876, 486
3.889, 484
3.911, 484
3.930, 484
3.954, 488
3.993, 488
4.007, 488
4.030, 490
4.059, 490
4.079, 490
4.102, 492
4.121, 492
4.155, 492
4.175, 494
4.205, 494
4.228, 496
4.244, 496
4.267, 496
4.293, 496
4.308, 494
4.324, 492
4.336, 490
4.351, 490
4.363, 486
4.379, 486
4.397, 484
4.415, 484
4.429, 484
4.450, 484
4.471, 484
4.486, 484
4.501, 482
4.514, 480
4.531, 480
4.547, 480
4.559, 478
4.599, 480
4.615, 482
4.631, 480
4.646, 478
4.670, 478
4.684, 478
4.701, 478
4.719, 480
4.735, 480
4.751, 480
4.765, 480
4.778, 478
4.797, 476
4.817, 476
4.839, 478
4.853, 476
4.869, 476
4.882, 476
4.896, 476
4.910, 476
4.936, 476
4.958, 478
4.976, 480
4.991, 480
5.004, 480
5.029, 480
5.054, 480
5.072, 480
5.087, 480
5.101, 480
5.122, 480
5.135, 478
5.156, 478
5.169, 476
5.184, 478
5.201, 478
5.228, 480
5.247, 480
5.264, 484
5.292, 494
5.310, 500
5.337, 510
5.354, 514
5.369, 516
5.394, 524
5.418, 528
5.435, 534
5.457, 538
5.485, 544
5.506, 550
5.522, 552
5.543, 556
5.557, 560
5.580, 564
5.604, 566
5.627, 568
5.647, 568
5.674, 574
5.694, 574
5.725, 580
5.746, 582
5.774, 586
5.790, 586
5.804, 588
5.820, 590
5.841, 592
5.858, 592
5.873, 594
5.891, 596
5.911, 598
5.932, 600
5.945, 600
5.962, 600
5.979, 602
5.999, 602
6.015, 602
6.030, 602
6.046, 600
6.061, 602
6.081, 602
6.099, 602
6.111, 602
6.125, 602
6.142, 602
6.154, 602
6.167, 602
6.180, 602
6.192, 598
6.205, 598
6.221, 598
6.237, 600
6.255, 600
6.267, 600
6.280, 602
6.293, 598
6.305, 598
6.318, 598
6.330, 598
6.345, 598
6.357, 598
6.370, 598
6.382, 596
6.395, 596
6.407, 594
6.420, 594
6.433, 592
6.450, 594
6.465, 594
6.482, 596
6.499, 598
6.515, 600
6.529, 598
6.544, 596
6.557, 594
6.570, 594
6.584, 594
6.601, 596
6.626, 596
6.638, 596
6.654, 594
6.667, 596
6.680, 598
6.692, 594
6.705, 594
6.724, 596
6.741, 594
6.758, 594
6.773, 596
6.788, 594
6.801, 594
6.813, 594
6.827, 598
6.841, 598
6.858, 598
6.871, 600
6.892, 600
6.908, 600
6.920, 598
6.933, 600
6.945, 598
6.958, 598
6.977, 598
7.002, 596
7.027, 596
7.042, 596
7.060, 598
7.076, 598
7.091, 600
7.106, 600
7.125, 600
7.148, 602
7.164, 606
7.177, 606
7.196, 606
7.216, 606
7.240, 610
7.258, 610
7.274, 610
7.292, 610
7.305, 612
7.318, 608
7.330, 610
7.343, 608
7.357, 608
7.371, 608
7.392, 610
7.415, 610
7.434, 614
7.447, 614
7.461, 614
7.479, 616
7.494, 614
7.515, 614
7.534, 614
7.551, 614
7.566, 614
7.579, 614
7.592, 610
7.607, 610
7.623, 610
7.638, 610
7.654, 610
7.685, 612
7.700, 610
7.714, 612
7.732, 610
7.746, 612
7.760, 614
7.773, 610
7.785, 612
7.799, 610
7.812, 610
7.836, 610
7.858, 612
7.876, 614
7.898, 612
7.913, 614
7.928, 612
7.947, 614
7.962, 614
7.979, 612
7.997, 614
8.014, 614
8.035, 612
8.051, 610
8.071, 614
8.088, 616
8.102, 616
8.119, 616
8.144, 614
8.158, 612
8.179, 612
8.196, 612
8.210, 612
8.223, 612
8.235, 610
8.250, 610
8.265, 610
8.282, 608
8.299, 608
8.314, 610
8.333, 610
8.349, 610
8.365, 610
8.405, 614
8.419, 612
8.443, 612
8.460, 614
8.474, 616
8.488, 616
8.505, 618
8.520, 618
8.538, 618
8.550, 618
8.563, 616
8.576, 614
8.588, 618
8.601, 616
8.613, 618
8.628, 618
8.643, 620
8.657, 618
8.680, 618
8.694, 618
8.708, 618
8.722, 618
8.734, 618
8.747, 616
8.761, 616
8.777, 616
8.795, 616
8.809, 616
8.825, 616
8.840, 616
8.853, 614
8.866, 614
8.882, 612
8.902, 610
8.925, 610
8.955, 614
8.970, 614
8.984, 614
9.004, 616
9.023, 616
9.042, 618
9.061, 616
9.076, 616
9.090, 614
9.103, 616
9.115, 616
9.129, 616
9.144, 614
9.157, 616
9.171, 614
9.189, 614
9.204, 616
9.221, 614
9.238, 614
9.252, 612
9.270, 610
9.285, 610
9.300, 612
9.316, 612
9.330, 612
9.346, 614
9.362, 612
9.375, 610
9.387, 612
9.400, 610
9.413, 608
9.426, 610
9.439, 608
9.451, 608
9.464, 610
9.476, 606
9.489, 606
9.503, 606
9.519, 606
9.533, 602
9.553, 606
9.567, 606
9.585, 606
9.617, 610
9.641, 608
9.662, 610
9.678, 612
9.701, 614
9.731, 614
9.749, 616
9.764, 616
9.790, 618
9.824, 618
9.838, 620
9.864, 618
9.878, 618
9.893, 618
9.908, 620
9.924, 618
9.940, 618
9.981, 620
9.995, 620
10.010, 620
10.025, 620
10.041, 618
10.057, 620
10.072, 620
10.098, 618
10.121, 616
10.137, 616
10.151, 616
10.167, 616
10.188, 616
10.201, 616
10.217, 616
10.238, 618
10.263, 616
10.277, 614
10.293, 616
10.309, 616
10.324, 614
10.339, 616
10.354, 614
10.377, 614
10.391, 612
10.414, 614
10.430, 612
10.446, 612
10.475, 612
10.490, 612
10.518, 610
10.534, 610
10.549, 610
10.563, 610
10.579, 610
10.597, 610
10.613, 610
10.628, 610
10.641, 612
10.656, 614
10.673, 614
10.690, 614
10.709, 614
10.725, 614
10.741, 614
10.765, 614
10.798, 616
10.819, 614
10.848, 614
10.869, 614
10.884, 614
10.904, 612
10.919, 614
10.935, 612
10.948, 612
10.961, 610
10.976, 612
10.988, 614
11.001, 610
11.014, 610
11.027, 610
11.039, 608
11.052, 608
11.064, 606
11.077, 608
11.090, 608
11.105, 608
11.119, 608
11.140, 606
11.170, 606
11.185, 606
11.199, 606
11.217, 606
11.231, 606
11.246, 606
11.265, 606
11.285, 606
11.303, 606
11.315, 606
11.328, 606
11.340, 604
11.353, 604
11.371, 602
11.384, 602
11.404, 606
11.422, 606
11.435, 604
11.447, 604
11.460, 608
11.473, 606
11.486, 606
11.502, 604
11.521, 604
11.539, 604
11.553, 602
11.565, 602
11.578, 600
11.590, 602
11.603, 600
11.616, 600
11.629, 602
11.642, 600
11.655, 600
11.667, 596
11.680, 596
11.693, 598
11.705, 596
11.718, 598
11.732, 596
11.746, 598
11.768, 598
11.784, 598
11.797, 598
11.809, 598
11.822, 594
11.835, 594
11.851, 596
11.865, 596
11.892, 596
11.913, 598
11.926, 598
11.938, 602
11.952, 598
11.965, 598
11.979, 598
11.994, 600
12.007, 598
12.027, 600
12.040, 602
12.054, 602
12.068, 602
12.081, 606
12.093, 604
12.107, 604
12.119, 602
12.133, 600
12.145, 604
12.159, 602
12.171, 604
12.184, 602
12.197, 602
12.214, 602
12.230, 602
12.244, 604
12.261, 602
12.276, 602
12.288, 604
12.301, 600
12.314, 602
12.326, 600
12.339, 600
12.355, 600
12.371, 600
12.390, 600
12.407, 602
12.422, 604
12.435, 604
12.447, 606
12.461, 606
12.475, 606
12.492, 606
12.508, 608
12.530, 610
12.552, 610
12.567, 612
12.582, 612
12.607, 612
12.622, 612
12.635, 614
12.657, 610
12.676, 608
12.690, 610
12.704, 610
12.717, 612
12.735, 612
12.749, 612
12.762, 610
12.789, 602
12.819, 594
12.833, 592
12.855, 588
12.875, 584
12.897, 580
12.911, 576
12.928, 572
12.941, 566
12.953, 564
12.966, 558
12.980, 556
13.000, 552
13.016, 548
13.035, 546
13.050, 546
13.065, 542
13.087, 540
13.102, 538
13.119, 536
13.134, 534
13.177, 532
13.192, 530
13.207, 530
13.221, 528
13.242, 526
13.261, 524
13.284, 522
13.307, 520
13.326, 520
13.341, 518
13.362, 516
13.393, 514
13.415, 516
13.433, 516
13.453, 518
13.483, 518
13.505, 516
