.008, 308
.032, 318
.048, 326
.064, 330
.085, 340
.100, 344
.115, 348
.149, 358
.169, 362
.197, 364
.213, 368
.226, 370
.239, 372
.253, 374
.267, 378
.282, 380
.297, 382
.310, 386
.333, 390
.346, 394
.363, 396
.376, 398
.389, 398
.401, 400
.413, 400
.426, 400
.439, 402
.452, 402
.464, 402
.476, 402
.488, 404
.504, 404
.519, 408
.537, 408
.556, 412
.572, 414
.591, 416
.603, 416
.624, 420
.647, 422
.667, 426
.694, 428
.707, 430
.723, 430
.737, 432
.750, 432
.769, 432
.784, 432
.796, 432
.811, 434
.833, 434
.846, 436
.866, 436
.879, 436
.892, 436
.904, 434
.916, 434
.928, 434
.941, 434
.953, 434
.965, 434
.977, 432
.990, 432
1.005, 434
1.018, 434
1.041, 436
1.055, 436
1.072, 438
1.086, 438
1.098, 436
1.110, 436
1.128, 438
1.141, 438
1.153, 436
1.173, 438
1.189, 440
1.203, 442
1.226, 444
1.246, 446
1.276, 448
1.293, 450
1.310, 450
1.326, 452
1.338, 450
1.351, 450
1.370, 450
1.383, 450
1.395, 448
1.413, 450
1.429, 450
1.442, 450
1.456, 452
1.469, 452
1.490, 452
1.503, 452
1.518, 452
1.532, 454
1.546, 454
1.561, 454
1.576, 454
1.589, 452
1.603, 452
1.619, 454
1.646, 454
1.660, 454
1.677, 456
1.691, 456
1.705, 456
1.727, 458
1.744, 460
1.768, 460
1.787, 462
1.811, 464
1.832, 468
1.853, 470
1.873, 472
1.892, 472
1.916, 476
1.931, 476
1.947, 478
1.962, 476
1.986, 476
2.005, 480
2.025, 482
2.041, 482
2.061, 484
2.074, 484
2.088, 484
2.104, 484
2.131, 484
2.161, 486
2.175, 486
2.193, 486
2.214, 486
2.231, 486
2.245, 488
2.264, 486
2.282, 484
2.300, 484
2.314, 484
2.329, 484
2.343, 484
2.361, 484
2.373, 482
2.386, 480
2.408, 478
2.424, 480
2.437, 480
2.453, 480
2.468, 480
2.481, 478
2.502, 480
2.523, 480
2.543, 480
2.557, 480
2.575, 480
2.587, 480
2.603, 478
2.616, 478
2.629, 478
2.642, 476
2.654, 476
2.666, 474
2.679, 474
2.691, 474
2.705, 472
2.721, 472
2.740, 472
2.752, 470
2.780, 472
2.793, 472
2.807, 472
2.820, 472
2.833, 472
2.849, 472
2.864, 472
2.886, 474
2.901, 474
2.916, 474
2.934, 474
2.946, 472
2.959, 472
2.974, 472
2.990, 472
3.015, 474
3.028, 474
3.045, 476
3.059, 476
3.073, 476
3.088, 476
3.104, 476
3.123, 476
3.140, 478
3.153, 478
3.167, 478
3.180, 478
3.192, 476
3.204, 476
3.217, 474
3.236, 476
3.253, 476
3.266, 476
3.279, 476
3.292, 476
3.304, 474
3.317, 472
3.330, 472
3.343, 472
3.360, 472
3.374, 472
3.390, 474
3.403, 472
3.416, 472
3.428, 472
3.441, 470
3.454, 470
3.470, 470
3.486, 470
3.499, 470
3.523, 470
3.536, 470
3.549, 468
3.562, 468
3.574, 468
3.588, 466
3.603, 468
3.619, 468
3.639, 468
3.653, 470
3.666, 470
3.679, 468
3.691, 468
3.705, 468
3.727, 468
3.741, 468
3.763, 468
3.776, 468
3.788, 466
3.802, 466
3.815, 466
3.827, 466
3.841, 466
3.861, 466
3.887, 466
3.915, 472
3.953, 474
3.974, 476
3.997, 478
4.018, 480
4.044, 482
4.065, 482
4.090, 480
4.109, 482
4.125, 482
4.143, 484
4.157, 484
4.175, 482
4.188, 482
4.213, 480
4.229, 480
4.244, 482
4.261, 482
4.275, 482
4.295, 482
4.307, 480
4.320, 480
4.338, 478
4.354, 476
4.374, 474
4.388, 476
4.405, 474
4.421, 476
4.435, 476
4.453, 474
4.466, 472
4.486, 474
4.505, 474
4.520, 474
4.535, 474
4.548, 474
4.561, 474
4.574, 472
4.598, 472
4.617, 472
4.639, 472
4.666, 472
4.679, 472
4.694, 470
4.707, 468
4.719, 466
4.731, 464
4.743, 462
4.757, 462
4.771, 462
4.784, 460
4.798, 460
4.811, 462
4.823, 460
4.839, 464
4.853, 464
4.871, 464
4.884, 464
4.896, 464
4.915, 464
4.934, 466
4.952, 468
4.971, 468
4.986, 470
4.999, 470
5.013, 470
5.026, 468
5.049, 468
5.062, 468
5.080, 470
5.097, 470
5.111, 470
5.128, 470
5.141, 470
5.169, 478
5.184, 494
5.197, 508
5.223, 538
5.242, 556
5.259, 572
5.291, 604
5.316, 622
5.334, 640
5.353, 654
5.374, 672
5.390, 684
5.417, 698
5.431, 708
5.447, 714
5.465, 726
5.479, 738
5.493, 746
5.510, 752
5.525, 758
5.539, 770
5.552, 772
5.566, 776
5.580, 786
5.596, 790
5.612, 798
5.628, 806
5.651, 818
5.667, 822
5.680, 828
5.694, 834
5.712, 838
5.725, 838
5.738, 846
5.750, 846
5.765, 848
5.778, 854
5.790, 854
5.804, 856
5.819, 862
5.831, 866
5.845, 864
5.857, 868
5.872, 870
5.886, 870
5.902, 874
5.916, 880
5.935, 882
5.951, 884
5.967, 884
5.980, 890
5.997, 894
6.014, 898
6.036, 900
6.055, 902
6.069, 904
6.083, 908
6.098, 912
6.118, 912
6.133, 910
6.149, 912
6.164, 918
6.180, 920
6.194, 918
6.212, 920
6.228, 924
6.244, 930
6.259, 932
6.275, 928
6.290, 928
6.306, 932
6.320, 932
6.334, 930
6.349, 934
6.362, 934
6.378, 934
6.398, 936
6.418, 936
6.432, 936
6.447, 942
6.463, 940
6.477, 932
6.497, 912
6.515, 894
6.539, 876
6.557, 860
6.573, 842
6.599, 824
6.623, 808
6.645, 786
6.664, 772
6.683, 760
6.699, 748
6.714, 738
6.745, 722
6.772, 704
6.787, 696
6.803, 688
6.821, 678
6.834, 670
6.848, 662
6.865, 654
6.881, 648
6.901, 642
6.914, 634
6.928, 628
6.941, 620
6.954, 614
6.968, 608
6.984, 602
7.001, 598
7.025, 592
7.040, 584
7.053, 580
7.066, 574
7.078, 570
7.091, 566
7.106, 562
7.122, 558
7.139, 554
7.152, 552
7.165, 548
7.177, 544
7.190, 542
7.203, 538
7.222, 536
7.237, 534
