.023, 324
.039, 328
.061, 334
.078, 340
.093, 344
.105, 348
.117, 350
.129, 352
.143, 356
.156, 360
.169, 360
.206, 368
.238, 374
.250, 376
.265, 380
.276, 380
.288, 382
.300, 384
.313, 384
.325, 386
.337, 386
.349, 388
.361, 390
.380, 392
.395, 394
.417, 398
.430, 402
.448, 404
.462, 408
.479, 412
.506, 416
.537, 422
.555, 424
.585, 430
.607, 436
.627, 436
.647, 438
.662, 440
.681, 442
.697, 444
.709, 444
.724, 448
.739, 448
.759, 450
.774, 452
.788, 452
.801, 452
.816, 454
.835, 456
.848, 456
.861, 456
.873, 456
.886, 454
.898, 454
.910, 452
.923, 452
.936, 452
.951, 452
.964, 452
.979, 452
.991, 452
1.010, 454
1.024, 454
1.040, 454
1.054, 456
1.066, 454
1.080, 454
1.097, 454
1.113, 454
1.127, 454
1.143, 456
1.159, 456
1.175, 458
1.202, 460
1.224, 462
1.249, 462
1.262, 462
1.278, 462
1.297, 462
1.315, 460
1.328, 460
1.343, 460
1.359, 460
1.371, 460
1.390, 460
1.419, 460
1.434, 460
1.460, 462
1.475, 462
1.496, 464
1.520, 464
1.535, 464
1.558, 464
1.581, 466
1.593, 464
1.605, 462
1.617, 460
1.629, 460
1.646, 460
1.658, 458
1.671, 458
1.683, 456
1.695, 456
1.707, 454
1.719, 454
1.732, 452
1.745, 452
1.760, 452
1.788, 452
1.804, 454
1.823, 456
1.836, 456
1.848, 456
1.860, 454
1.873, 454
1.886, 452
1.899, 454
1.912, 452
1.926, 452
1.938, 450
1.950, 450
1.963, 448
1.975, 448
1.989, 448
2.005, 448
2.017, 448
2.031, 448
2.043, 446
2.060, 446
2.078, 448
2.092, 448
2.104, 446
2.117, 444
2.129, 442
2.142, 442
2.157, 442
2.176, 442
2.192, 444
2.208, 446
2.220, 444
2.232, 442
2.244, 440
2.256, 440
2.269, 438
2.285, 438
2.298, 438
2.312, 438
2.324, 438
2.346, 438
2.359, 436
2.371, 434
2.385, 434
2.398, 436
2.412, 436
2.424, 436
2.437, 436
2.450, 436
2.463, 436
2.482, 436
2.495, 436
2.507, 436
2.519, 434
2.531, 432
2.543, 432
2.557, 432
2.570, 432
2.584, 432
2.597, 432
2.609, 432
2.625, 432
2.638, 432
2.649, 432
2.662, 430
2.675, 430
2.687, 428
2.701, 428
2.715, 430
2.737, 432
2.756, 436
2.770, 438
2.801, 440
2.829, 446
2.846, 448
2.873, 450
2.892, 452
2.917, 456
2.931, 456
2.956, 458
2.972, 456
2.989, 458
3.013, 460
3.032, 460
3.050, 462
3.078, 460
3.098, 462
3.113, 462
3.128, 464
3.144, 464
3.163, 464
3.181, 464
3.196, 466
3.213, 466
3.229, 466
3.246, 466
3.263, 466
3.276, 464
3.290, 464
3.305, 464
3.318, 464
3.332, 462
3.351, 462
3.367, 462
3.390, 462
3.403, 462
3.417, 462
3.430, 460
3.455, 460
3.469, 458
3.482, 458
3.501, 458
3.533, 458
3.546, 458
3.559, 456
3.571, 456
3.587, 458
3.620, 458
3.634, 458
3.648, 460
3.670, 460
3.686, 460
3.706, 460
3.719, 456
3.731, 454
3.744, 454
3.758, 454
3.771, 452
3.784, 452
3.798, 450
3.819, 450
3.835, 450
3.850, 450
3.867, 450
3.881, 450
3.897, 450
3.913, 452
3.933, 454
3.963, 458
3.976, 460
3.997, 462
4.015, 464
4.058, 466
4.074, 468
4.102, 470
4.136, 472
4.150, 472
4.167, 472
4.183, 474
4.208, 474
4.238, 478
4.272, 480
4.300, 482
4.317, 482
4.331, 482
4.364, 482
4.397, 484
4.421, 484
4.434, 484
4.447, 482
4.459, 480
4.471, 480
4.484, 478
4.496, 478
4.510, 478
4.524, 478
4.547, 480
4.561, 478
4.576, 478
4.590, 478
4.605, 478
4.619, 480
4.632, 478
4.647, 478
4.664, 478
4.681, 480
4.699, 480
4.733, 482
4.750, 484
4.775, 482
4.790, 484
4.807, 486
4.823, 486
4.842, 488
4.863, 488
4.877, 490
4.896, 488
4.910, 488
4.928, 488
4.955, 488
4.973, 486
4.986, 486
5.008, 486
5.022, 486
5.035, 486
5.058, 488
5.077, 488
5.091, 490
5.128, 492
5.153, 492
5.175, 492
5.189, 492
5.206, 492
5.221, 492
5.245, 492
5.267, 492
5.281, 492
5.294, 490
5.306, 488
5.319, 488
5.332, 486
5.345, 486
5.366, 486
5.384, 486
5.431, 486
5.446, 486
5.474, 484
5.489, 484
5.510, 484
5.525, 484
5.538, 482
5.552, 482
5.565, 480
5.578, 480
5.591, 478
5.604, 478
5.623, 478
5.639, 476
5.655, 478
5.675, 480
5.693, 480
5.708, 482
5.723, 482
5.736, 482
5.754, 482
5.778, 484
5.801, 486
5.816, 486
5.829, 488
5.849, 486
5.870, 488
5.903, 490
5.940, 494
5.953, 492
5.979, 494
6.008, 496
6.029, 496
6.053, 498
6.077, 498
6.092, 496
6.116, 496
6.129, 494
6.143, 494
6.155, 492
6.168, 490
6.181, 488
6.194, 486
6.213, 486
6.227, 486
6.244, 486
6.281, 486
6.296, 488
6.310, 488
6.329, 488
6.349, 488
6.361, 486
6.374, 486
6.386, 484
6.399, 484
6.411, 482
6.424, 482
6.437, 482
6.452, 482
6.466, 480
6.481, 482
6.496, 482
6.515, 482
6.528, 480
6.541, 480
6.553, 478
6.566, 478
6.583, 478
6.613, 478
6.635, 480
6.660, 480
6.673, 480
6.686, 480
6.699, 478
6.712, 478
6.729, 478
6.745, 478
6.762, 478
6.776, 478
6.796, 478
6.809, 478
6.821, 476
6.834, 476
6.847, 474
6.860, 474
6.878, 474
6.893, 474
6.910, 474
6.927, 474
6.944, 476
6.956, 476
6.968, 474
6.980, 472
6.994, 470
7.007, 468
7.024, 468
7.041, 468
7.055, 468
7.074, 468
7.086, 468
7.098, 466
7.110, 466
7.122, 466
7.135, 466
7.151, 472
7.173, 492
7.188, 508
7.205, 524
7.221, 536
7.238, 552
7.254, 568
7.268, 576
7.285, 588
7.299, 598
7.317, 610
7.333, 624
7.348, 632
7.363, 640
7.379, 650
7.393, 650
7.406, 658
7.419, 664
7.432, 672
7.446, 678
7.459, 684
7.475, 694
7.490, 702
7.504, 710
7.517, 716
7.540, 726
7.557, 734
7.570, 738
7.583, 740
7.598, 748
7.613, 754
7.628, 760
7.643, 764
7.661, 772
7.676, 776
7.693, 784
7.708, 786
7.721, 790
7.735, 794
7.749, 798
7.764, 802
7.783, 806
7.799, 810
7.821, 818
7.837, 820
7.853, 824
7.866, 824
7.879, 828
7.898, 830
7.915, 836
7.930, 838
7.946, 840
7.962, 840
7.981, 844
7.996, 846
8.011, 848
8.024, 850
8.039, 852
8.053, 854
8.066, 850
8.085, 836
8.106, 818
8.124, 804
8.138, 792
8.150, 780
8.164, 770
8.180, 756
8.194, 748
8.212, 736
8.230, 724
8.246, 714
8.276, 706
8.313, 684
8.356, 664
8.372, 656
8.389, 648
8.404, 642
8.425, 634
8.441, 628
8.463, 620
8.486, 612
8.503, 606
8.517, 600
8.532, 596
8.550, 592
8.580, 584
8.597, 578
8.622, 572
8.638, 566
8.654, 562
8.677, 558
8.691, 554
8.704, 550
8.724, 548
8.740, 546
8.756, 542
8.770, 540
8.788, 536
8.808, 532
8.823, 530
