.012, 314
.033, 324
.056, 334
.071, 340
.088, 344
.103, 348
.117, 350
.129, 352
.155, 356
.203, 370
.237, 382
.255, 386
.270, 390
.284, 392
.319, 398
.338, 402
.354, 406
.375, 408
.389, 410
.404, 410
.416, 412
.428, 412
.445, 412
.460, 414
.473, 414
.492, 418
.528, 420
.543, 426
.565, 426
.579, 428
.603, 432
.617, 434
.650, 436
.675, 442
.697, 446
.710, 446
.726, 446
.745, 448
.768, 448
.786, 450
.802, 450
.819, 450
.842, 450
.863, 454
.878, 454
.899, 454
.920, 456
.941, 454
.954, 454
.984, 458
.998, 458
1.012, 458
1.024, 458
1.045, 458
1.061, 460
1.074, 458
1.086, 456
1.099, 456
1.112, 454
1.124, 454
1.137, 452
1.149, 452
1.164, 452
1.179, 450
1.194, 452
1.207, 452
1.225, 454
1.238, 456
1.252, 456
1.270, 456
1.287, 456
1.305, 456
1.330, 458
1.347, 458
1.359, 458
1.378, 458
1.395, 458
1.410, 458
1.422, 458
1.435, 456
1.454, 456
1.468, 456
1.480, 454
1.492, 454
1.504, 452
1.516, 452
1.528, 450
1.541, 450
1.553, 448
1.571, 448
1.585, 448
1.600, 450
1.621, 450
1.636, 452
1.655, 454
1.669, 454
1.686, 454
1.703, 454
1.725, 456
1.744, 458
1.775, 458
1.797, 462
1.818, 466
1.838, 466
1.861, 468
1.887, 470
1.909, 474
1.940, 476
1.957, 478
1.979, 480
2.003, 480
2.034, 480
2.058, 482
2.079, 484
2.110, 486
2.125, 486
2.140, 486
2.157, 486
2.171, 486
2.194, 488
2.214, 488
2.228, 486
2.252, 488
2.276, 488
2.296, 490
2.313, 490
2.334, 490
2.361, 490
2.379, 488
2.400, 488
2.417, 488
2.443, 490
2.456, 488
2.474, 488
2.499, 486
2.524, 486
2.542, 484
2.564, 482
2.584, 482
2.605, 484
2.620, 486
2.638, 484
2.661, 484
2.683, 484
2.696, 482
2.709, 482
2.722, 480
2.735, 478
2.748, 478
2.761, 476
2.773, 476
2.789, 476
2.810, 476
2.824, 478
2.841, 480
2.869, 482
2.882, 482
2.899, 482
2.915, 482
2.938, 482
2.953, 482
2.965, 480
2.978, 480
2.991, 478
3.005, 478
3.022, 480
3.037, 480
3.060, 482
3.102, 482
3.127, 486
3.141, 484
3.175, 486
3.216, 488
3.252, 490
3.273, 490
3.291, 492
3.306, 490
3.334, 490
3.354, 492
3.387, 492
3.405, 494
3.444, 496
3.468, 496
3.483, 496
3.511, 496
3.546, 494
3.563, 494
3.578, 494
3.596, 494
3.616, 496
3.636, 496
3.668, 494
3.697, 494
3.716, 494
3.734, 492
3.748, 492
3.769, 492
3.783, 490
3.796, 488
3.815, 488
3.830, 488
3.844, 488
3.869, 490
3.891, 492
3.911, 492
3.926, 490
3.963, 490
3.993, 492
4.025, 492
4.039, 492
4.060, 492
4.081, 492
4.107, 492
4.128, 490
4.145, 490
4.166, 492
4.184, 494
4.200, 494
4.215, 494
4.237, 494
4.277, 494
4.294, 496
4.310, 494
4.334, 494
4.353, 490
4.378, 490
4.396, 490
4.417, 490
4.434, 490
4.453, 490
4.483, 490
4.496, 492
4.512, 492
4.529, 492
4.544, 492
4.558, 492
4.572, 492
4.590, 492
4.615, 492
4.629, 492
4.644, 492
4.666, 494
4.682, 494
4.703, 494
4.723, 494
4.741, 494
4.757, 494
4.774, 492
4.791, 492
4.821, 494
4.836, 494
4.866, 492
4.898, 492
4.913, 490
4.928, 492
4.953, 492
4.968, 492
4.982, 492
4.996, 490
5.012, 490
5.043, 492
5.067, 492
5.086, 492
5.113, 490
5.146, 490
5.168, 492
5.188, 492
5.211, 492
5.244, 494
5.260, 494
5.284, 494
5.298, 494
5.313, 494
5.345, 494
5.373, 516
5.392, 534
5.423, 562
5.439, 574
5.480, 600
5.498, 606
5.515, 618
5.532, 630
5.551, 640
5.568, 646
5.606, 660
5.628, 674
5.645, 684
5.659, 690
5.678, 698
5.694, 704
5.707, 710
5.720, 716
5.733, 720
5.747, 724
5.760, 728
5.773, 734
5.786, 738
5.801, 742
5.818, 750
5.833, 754
5.847, 760
5.871, 766
5.892, 774
5.910, 780
5.925, 784
5.939, 786
5.954, 790
5.972, 792
5.989, 798
6.004, 802
6.023, 806
6.037, 808
6.055, 800
6.069, 804
6.087, 810
6.119, 820
6.136, 826
6.151, 826
6.177, 832
6.192, 836
6.217, 840
6.231, 842
6.248, 844
6.267, 848
6.284, 850
6.301, 852
6.317, 852
6.343, 832
6.363, 816
6.378, 802
6.412, 780
6.428, 768
6.473, 754
6.501, 724
6.530, 708
6.546, 698
6.576, 684
6.604, 674
6.637, 656
6.658, 648
6.674, 642
6.688, 636
6.705, 630
6.732, 624
6.750, 614
6.775, 604
6.795, 600
6.827, 590
6.843, 586
6.858, 582
6.878, 576
6.905, 570
6.924, 564
6.943, 562
6.957, 558
6.973, 558
6.988, 554
7.009, 550
7.023, 548
7.043, 544
7.059, 540
7.074, 538
