.009, 302
.032, 314
.048, 324
.063, 328
.085, 336
.098, 342
.112, 346
.127, 350
.152, 354
.172, 362
.207, 368
.225, 372
.246, 378
.265, 384
.280, 388
.303, 394
.318, 396
.332, 398
.356, 402
.389, 406
.409, 410
.424, 412
.438, 414
.451, 416
.463, 416
.492, 416
.511, 418
.535, 420
.557, 426
.571, 428
.590, 428
.634, 434
.665, 438
.680, 440
.694, 442
.708, 442
.723, 444
.738, 444
.750, 444
.763, 444
.777, 444
.790, 444
.807, 444
.821, 444
.836, 446
.852, 448
.874, 448
.896, 448
.921, 450
.944, 450
.958, 452
.983, 450
.996, 452
1.013, 452
1.028, 452
1.042, 452
1.055, 450
1.071, 450
1.085, 450
1.112, 452
1.143, 454
1.158, 454
1.172, 456
1.186, 456
1.204, 456
1.223, 456
1.254, 458
1.286, 460
1.305, 460
1.323, 460
1.338, 460
1.351, 460
1.365, 458
1.380, 458
1.398, 458
1.421, 458
1.441, 460
1.454, 458
1.469, 458
1.483, 458
1.495, 456
1.515, 456
1.527, 454
1.539, 454
1.551, 454
1.563, 452
1.575, 452
1.587, 450
1.600, 450
1.612, 448
1.624, 448
1.638, 448
1.655, 448
1.673, 448
1.691, 450
1.715, 450
1.734, 452
1.754, 454
1.771, 456
1.803, 458
1.822, 460
1.859, 466
1.875, 470
1.893, 470
1.912, 472
1.928, 474
1.959, 476
1.985, 478
2.008, 480
2.030, 482
2.050, 484
2.067, 484
2.085, 484
2.103, 486
2.136, 488
2.177, 492
2.193, 492
2.212, 494
2.225, 492
2.238, 490
2.251, 490
2.264, 488
2.278, 488
2.294, 488
2.324, 488
2.338, 488
2.354, 488
2.369, 488
2.381, 486
2.395, 486
2.414, 486
2.432, 486
2.449, 484
2.461, 484
2.477, 486
2.489, 484
2.501, 482
2.513, 480
2.526, 478
2.539, 478
2.552, 476
2.566, 476
2.591, 476
2.605, 478
2.623, 478
2.639, 480
2.658, 480
2.671, 478
2.684, 478
2.700, 476
2.713, 476
2.725, 476
2.738, 474
2.751, 474
2.764, 474
2.777, 472
2.790, 472
2.802, 472
2.817, 472
2.840, 472
2.858, 472
2.876, 474
2.902, 476
2.916, 476
2.935, 478
2.950, 478
2.974, 478
2.988, 478
3.005, 480
3.019, 482
3.038, 480
3.056, 480
3.073, 480
3.090, 480
3.107, 478
3.131, 478
3.164, 482
3.179, 480
3.198, 482
3.242, 488
3.272, 490
3.291, 492
3.307, 492
3.327, 492
3.340, 492
3.362, 492
3.381, 492
3.401, 492
3.425, 490
3.441, 488
3.454, 486
3.467, 486
3.479, 484
3.493, 484
3.507, 484
3.523, 482
3.545, 482
3.576, 482
3.594, 482
3.616, 482
3.637, 484
3.657, 484
3.680, 482
3.692, 482
3.705, 480
3.718, 480
3.731, 478
3.744, 478
3.757, 476
3.772, 476
3.786, 476
3.803, 476
3.822, 478
3.838, 478
3.864, 480
3.879, 480
3.908, 480
3.924, 482
3.941, 480
3.954, 480
3.967, 478
3.981, 478
4.005, 480
4.021, 480
4.040, 480
4.066, 482
4.083, 482
4.109, 486
4.126, 486
4.146, 486
4.172, 488
4.200, 490
4.223, 492
4.236, 492
4.249, 492
4.275, 492
4.302, 494
4.325, 492
4.349, 494
4.367, 494
4.393, 494
4.414, 496
4.440, 494
4.460, 492
4.482, 496
4.496, 496
4.516, 494
4.547, 494
4.569, 494
4.596, 494
4.619, 496
4.634, 496
4.651, 496
4.671, 496
4.702, 494
4.732, 492
4.749, 494
4.775, 496
4.795, 494
4.813, 494
4.847, 494
4.875, 494
4.903, 496
4.918, 494
4.936, 492
4.948, 490
4.960, 486
4.972, 484
4.989, 484
5.003, 482
5.016, 482
5.028, 480
5.041, 478
5.053, 476
5.066, 476
5.078, 474
5.095, 474
5.113, 476
5.131, 476
5.166, 474
5.180, 472
5.194, 472
5.211, 470
5.229, 470
5.243, 470
5.258, 468
5.274, 470
5.289, 484
5.306, 502
5.325, 522
5.344, 538
5.361, 556
5.381, 570
5.407, 588
5.425, 598
5.441, 614
5.465, 624
5.486, 642
5.501, 654
5.514, 662
5.528, 674
5.562, 688
5.574, 688
5.589, 696
5.610, 706
5.627, 714
5.643, 710
5.656, 710
5.670, 716
5.685, 722
5.706, 734
5.720, 738
5.733, 744
5.750, 752
5.772, 758
5.787, 764
5.803, 770
5.820, 774
5.834, 776
5.849, 782
5.863, 786
5.878, 790
5.893, 794
5.907, 798
5.922, 800
5.938, 804
5.959, 810
5.974, 812
5.988, 816
6.006, 822
6.022, 824
6.046, 830
6.061, 832
6.077, 832
6.094, 838
6.109, 838
6.122, 840
6.137, 842
6.151, 846
6.165, 848
6.178, 848
6.191, 852
6.204, 852
6.217, 854
6.230, 856
6.244, 842
6.265, 824
6.279, 812
6.301, 798
6.319, 784
6.337, 770
6.355, 756
6.388, 736
6.402, 728
6.417, 718
6.432, 708
6.458, 696
6.476, 684
6.491, 676
6.515, 670
6.536, 660
6.550, 652
6.565, 646
6.581, 640
6.601, 634
6.624, 626
6.646, 620
6.661, 614
6.677, 608
6.692, 602
6.706, 596
6.720, 590
6.734, 586
6.750, 580
6.763, 576
6.776, 572
6.789, 566
6.802, 562
6.816, 556
6.829, 552
6.842, 548
6.862, 544
6.876, 542
6.890, 540
6.908, 538
6.937, 536
6.952, 534
6.969, 530
6.989, 530
