.009, 304
.028, 314
.051, 320
.071, 328
.084, 334
.097, 338
.112, 342
.144, 346
.189, 360
.216, 366
.234, 372
.254, 376
.268, 382
.284, 384
.302, 388
.316, 390
.329, 392
.345, 394
.359, 396
.379, 400
.401, 402
.422, 406
.440, 410
.457, 412
.472, 414
.487, 418
.501, 418
.520, 420
.533, 420
.550, 422
.578, 428
.595, 430
.616, 432
.642, 436
.667, 438
.700, 444
.722, 448
.735, 448
.756, 448
.771, 450
.790, 450
.802, 450
.818, 448
.830, 448
.843, 448
.855, 446
.868, 446
.880, 444
.895, 444
.908, 444
.923, 444
.941, 444
.957, 446
.985, 450
1.000, 450
1.018, 450
1.031, 452
1.050, 454
1.069, 454
1.087, 454
1.100, 452
1.120, 454
1.150, 456
1.164, 456
1.177, 458
1.206, 458
1.225, 460
1.242, 462
1.260, 464
1.287, 466
1.307, 464
1.321, 464
1.335, 464
1.351, 464
1.367, 462
1.381, 462
1.398, 464
1.414, 466
1.430, 466
1.445, 468
1.460, 466
1.477, 466
1.496, 466
1.513, 466
1.529, 466
1.541, 464
1.553, 464
1.565, 462
1.578, 460
1.590, 460
1.602, 458
1.619, 458
1.633, 458
1.648, 458
1.661, 458
1.678, 458
1.697, 458
1.716, 460
1.730, 462
1.743, 462
1.761, 462
1.776, 462
1.793, 464
1.819, 468
1.851, 472
1.866, 476
1.884, 476
1.903, 480
1.927, 482
1.950, 482
1.972, 484
2.003, 486
2.019, 486
2.039, 486
2.057, 488
2.085, 490
2.113, 490
2.146, 492
2.177, 494
2.193, 494
2.209, 494
2.224, 494
2.240, 494
2.263, 494
2.277, 494
2.291, 494
2.328, 494
2.342, 494
2.357, 494
2.384, 494
2.413, 494
2.445, 494
2.464, 494
2.487, 492
2.524, 492
2.543, 492
2.560, 492
2.575, 492
2.608, 492
2.624, 492
2.639, 492
2.667, 494
2.681, 494
2.702, 494
2.717, 492
2.739, 492
2.757, 492
2.775, 492
2.791, 492
2.807, 490
2.825, 492
2.840, 490
2.857, 490
2.870, 490
2.886, 490
2.903, 488
2.918, 488
2.944, 488
2.977, 490
2.992, 490
3.006, 490
3.033, 492
3.053, 494
3.068, 494
3.081, 494
3.098, 494
3.112, 492
3.125, 492
3.139, 490
3.157, 490
3.181, 492
3.213, 492
3.228, 492
3.252, 492
3.273, 494
3.291, 494
3.312, 494
3.347, 492
3.376, 492
3.389, 494
3.418, 494
3.433, 496
3.452, 494
3.466, 494
3.486, 494
3.504, 494
3.516, 492
3.529, 492
3.542, 490
3.554, 488
3.566, 486
3.578, 486
3.592, 486
3.611, 486
3.635, 486
3.651, 486
3.667, 486
3.680, 484
3.692, 482
3.705, 482
3.731, 482
3.744, 482
3.759, 482
3.788, 482
3.806, 484
3.824, 484
3.838, 484
3.874, 486
3.890, 486
3.915, 484
3.929, 484
3.947, 486
3.970, 488
3.984, 486
4.004, 486
4.028, 486
4.049, 484
4.072, 486
4.085, 484
4.110, 484
4.122, 482
4.135, 482
4.148, 480
4.168, 480
4.183, 480
4.199, 482
4.220, 482
4.239, 484
4.252, 482
4.265, 480
4.278, 478
4.290, 476
4.306, 476
4.325, 476
4.340, 476
4.355, 476
4.374, 476
4.392, 476
4.404, 474
4.415, 472
4.428, 470
4.442, 470
4.456, 470
4.473, 470
4.492, 470
4.512, 472
4.527, 474
4.540, 474
4.553, 472
4.566, 472
4.579, 470
4.594, 470
4.607, 470
4.619, 468
4.631, 468
4.644, 466
4.658, 466
4.673, 466
4.692, 470
4.719, 470
4.731, 470
4.742, 468
4.755, 466
4.767, 464
4.779, 464
4.792, 462
4.805, 464
4.828, 464
4.843, 464
4.860, 464
4.875, 464
4.903, 466
4.921, 468
4.935, 468
4.947, 468
4.960, 466
4.972, 466
4.990, 466
5.003, 466
5.016, 464
5.028, 464
5.041, 464
5.054, 464
5.067, 464
5.079, 464
5.096, 464
5.111, 464
5.130, 466
5.151, 468
5.170, 470
5.183, 470
5.195, 468
5.208, 468
5.220, 468
5.234, 468
5.251, 468
5.278, 482
5.302, 514
5.319, 530
5.334, 544
5.352, 560
5.369, 570
5.400, 590
5.419, 606
5.434, 618
5.472, 626
5.487, 636
5.511, 640
5.525, 646
5.540, 652
5.560, 664
5.577, 670
5.591, 676
5.612, 684
5.628, 694
5.642, 702
5.656, 708
5.669, 714
5.682, 720
5.695, 724
5.709, 728
5.723, 734
5.742, 738
5.756, 742
5.769, 746
5.783, 750
5.798, 754
5.811, 758
5.825, 760
5.838, 764
5.852, 770
5.870, 776
5.883, 778
5.907, 782
5.922, 782
5.936, 782
5.953, 788
5.966, 790
5.982, 796
5.999, 800
6.020, 802
6.035, 802
6.050, 804
6.064, 800
6.079, 804
6.092, 804
6.105, 808
6.118, 812
6.137, 820
6.153, 822
6.169, 822
6.183, 826
6.196, 828
6.210, 830
6.224, 834
6.242, 828
6.255, 832
6.271, 838
6.285, 840
6.300, 832
6.316, 818
6.339, 802
6.355, 790
6.372, 780
6.384, 768
6.397, 758
6.428, 734
6.444, 726
6.464, 718
6.481, 706
6.497, 698
6.510, 690
6.524, 682
6.536, 674
6.557, 662
6.570, 656
6.584, 648
6.600, 642
6.623, 634
6.636, 628
6.648, 622
6.670, 612
6.685, 606
6.700, 600
6.713, 596
6.727, 590
6.740, 584
6.754, 580
6.770, 574
6.787, 570
6.804, 566
6.821, 564
6.850, 562
6.874, 560
6.892, 556
6.911, 552
6.928, 548
6.943, 546
6.960, 542
6.972, 538
6.985, 536
6.998, 532
7.010, 530
7.023, 526
7.037, 524
