.007, 312
.039, 322
.055, 330
.070, 334
.084, 338
.098, 342
.114, 346
.139, 352
.185, 362
.217, 370
.231, 372
.247, 376
.264, 378
.277, 382
.305, 390
.321, 394
.336, 396
.371, 402
.393, 406
.408, 408
.425, 412
.444, 414
.464, 418
.480, 420
.505, 422
.526, 424
.548, 426
.561, 428
.576, 430
.592, 432
.607, 432
.629, 434
.660, 436
.677, 438
.691, 440
.708, 442
.735, 446
.748, 446
.762, 448
.776, 448
.795, 450
.817, 450
.834, 450
.847, 450
.865, 452
.891, 452
.908, 454
.924, 454
.938, 456
.960, 456
.972, 454
.985, 454
.997, 452
1.010, 452
1.022, 452
1.034, 450
1.046, 450
1.060, 450
1.075, 450
1.093, 450
1.113, 448
1.128, 450
1.152, 454
1.166, 452
1.180, 452
1.206, 456
1.230, 458
1.254, 460
1.281, 460
1.294, 462
1.308, 462
1.323, 462
1.336, 462
1.352, 460
1.367, 460
1.379, 458
1.392, 458
1.404, 456
1.416, 456
1.428, 454
1.440, 454
1.452, 452
1.464, 452
1.480, 452
1.496, 452
1.509, 452
1.522, 452
1.542, 454
1.557, 454
1.573, 454
1.589, 454
1.601, 452
1.617, 452
1.641, 452
1.668, 452
1.682, 454
1.707, 456
1.720, 456
1.737, 456
1.767, 458
1.781, 460
1.798, 462
1.813, 464
1.838, 468
1.864, 470
1.882, 472
1.918, 474
1.939, 476
1.964, 478
1.983, 480
2.007, 480
2.038, 482
2.071, 484
2.094, 486
2.114, 488
2.128, 488
2.144, 488
2.159, 488
2.177, 488
2.191, 488
2.205, 486
2.229, 486
2.243, 486
2.262, 486
2.280, 486
2.306, 490
2.319, 490
2.338, 490
2.360, 490
2.383, 492
2.404, 490
2.419, 492
2.448, 494
2.462, 492
2.475, 492
2.502, 492
2.525, 494
2.549, 494
2.565, 494
2.589, 494
2.611, 494
2.628, 494
2.655, 494
2.671, 492
2.691, 492
2.709, 490
2.738, 490
2.752, 490
2.766, 490
2.799, 490
2.817, 488
2.833, 486
2.847, 486
2.870, 486
2.888, 486
2.905, 486
2.918, 486
2.932, 484
2.950, 484
2.964, 484
2.982, 484
3.012, 484
3.035, 486
3.052, 486
3.066, 488
3.096, 488
3.111, 488
3.124, 488
3.146, 490
3.177, 490
3.201, 490
3.230, 492
3.256, 492
3.281, 494
3.321, 496
3.336, 496
3.353, 498
3.372, 496
3.388, 496
3.413, 498
3.429, 496
3.443, 496
3.466, 498
3.485, 496
3.504, 498
3.518, 498
3.531, 498
3.555, 498
3.573, 496
3.590, 496
3.639, 496
3.655, 496
3.679, 496
3.706, 496
3.720, 494
3.735, 494
3.759, 494
3.773, 494
3.790, 494
3.809, 494
3.822, 492
3.836, 490
3.854, 488
3.867, 488
3.880, 486
3.894, 486
3.907, 484
3.920, 482
3.932, 482
3.950, 480
3.969, 480
3.988, 482
4.007, 484
4.025, 484
4.038, 484
4.074, 482
4.104, 482
4.117, 482
4.137, 482
4.153, 480
4.170, 480
4.185, 480
4.201, 480
4.217, 480
4.237, 482
4.260, 482
4.282, 484
4.298, 484
4.327, 486
4.344, 486
4.361, 486
4.388, 488
4.409, 486
4.426, 486
4.443, 486
4.463, 486
4.476, 486
4.493, 486
4.505, 484
4.518, 484
4.532, 482
4.547, 482
4.561, 482
4.578, 480
4.591, 480
4.609, 480
4.644, 482
4.662, 482
4.675, 482
4.692, 482
4.715, 480
4.744, 480
4.760, 480
4.779, 482
4.805, 484
4.825, 486
4.852, 486
4.873, 488
4.894, 488
4.918, 490
4.941, 492
4.957, 492
4.972, 492
4.985, 492
5.024, 492
5.039, 490
5.056, 490
5.072, 490
5.104, 492
5.123, 490
5.139, 490
5.162, 490
5.182, 490
5.196, 490
5.215, 490
5.240, 492
5.255, 492
5.272, 490
5.288, 502
5.312, 526
5.341, 560
5.373, 582
5.391, 604
5.411, 620
5.438, 644
5.462, 660
5.481, 676
5.505, 694
5.521, 706
5.546, 718
5.562, 730
5.579, 740
5.595, 752
5.612, 758
5.637, 766
5.651, 774
5.666, 782
5.680, 788
5.694, 794
5.707, 800
5.720, 804
5.733, 808
5.746, 808
5.765, 814
5.779, 822
5.794, 828
5.807, 832
5.828, 836
5.853, 842
5.868, 850
5.884, 858
5.900, 858
5.919, 864
5.936, 868
5.954, 868
5.974, 874
5.996, 878
6.012, 882
6.027, 884
6.048, 890
6.066, 894
6.083, 898
6.098, 900
6.112, 900
6.127, 906
6.140, 904
6.152, 904
6.167, 906
6.181, 906
6.195, 910
6.209, 912
6.225, 914
6.241, 914
6.259, 916
6.274, 922
6.290, 922
6.308, 922
6.322, 922
6.340, 922
6.353, 922
6.367, 924
6.388, 926
6.409, 928
6.423, 932
6.438, 934
6.453, 932
6.469, 936
6.482, 934
6.496, 936
6.509, 936
6.522, 938
6.536, 938
6.548, 938
6.562, 940
6.577, 940
6.591, 944
6.615, 920
6.635, 902
6.662, 874
6.677, 860
6.702, 838
6.723, 820
6.738, 808
6.760, 790
6.795, 768
6.817, 752
6.847, 734
6.864, 724
6.878, 714
6.914, 704
6.932, 684
6.954, 676
6.969, 668
6.983, 660
6.999, 654
7.020, 644
7.034, 638
7.050, 630
7.066, 622
7.084, 616
7.099, 610
7.119, 604
7.135, 598
7.153, 594
7.169, 592
7.185, 586
7.208, 580
7.234, 574
7.255, 570
7.282, 566
7.298, 564
7.319, 560
7.337, 556
7.355, 552
7.375, 548
