.020, 304
.037, 320
.061, 330
.078, 334
.092, 338
.105, 342
.125, 348
.138, 350
.205, 364
.222, 368
.238, 372
.263, 378
.277, 382
.306, 390
.321, 394
.336, 396
.355, 398
.372, 400
.385, 402
.403, 404
.428, 408
.447, 412
.466, 418
.480, 420
.497, 420
.512, 422
.532, 424
.558, 426
.570, 428
.588, 432
.609, 436
.625, 438
.641, 438
.664, 440
.693, 442
.711, 442
.733, 444
.746, 446
.763, 446
.776, 446
.788, 446
.800, 444
.813, 444
.832, 444
.848, 444
.861, 444
.879, 446
.900, 448
.915, 448
.927, 446
.939, 446
.951, 446
.969, 444
.982, 446
.999, 446
1.013, 446
1.034, 450
1.051, 450
1.063, 450
1.077, 448
1.089, 448
1.106, 448
1.119, 448
1.136, 448
1.149, 448
1.184, 448
1.206, 452
1.220, 452
1.232, 452
1.245, 452
1.268, 452
1.289, 452
1.312, 454
1.326, 456
1.338, 454
1.350, 454
1.362, 452
1.374, 452
1.387, 452
1.404, 452
1.419, 452
1.431, 452
1.455, 454
1.470, 456
1.482, 454
1.494, 454
1.506, 452
1.518, 452
1.535, 452
1.548, 450
1.560, 450
1.572, 448
1.584, 448
1.596, 448
1.608, 446
1.620, 446
1.633, 446
1.648, 446
1.662, 446
1.677, 448
1.690, 448
1.704, 448
1.718, 448
1.732, 450
1.747, 450
1.762, 450
1.776, 452
1.790, 452
1.805, 454
1.822, 456
1.839, 458
1.853, 458
1.867, 458
1.891, 460
1.911, 462
1.927, 464
1.948, 466
1.968, 468
1.986, 470
2.001, 472
2.017, 472
2.032, 472
2.046, 474
2.062, 474
2.084, 474
2.108, 476
2.127, 476
2.153, 478
2.179, 478
2.195, 478
2.213, 478
2.228, 478
2.245, 478
2.258, 478
2.271, 478
2.287, 476
2.303, 478
2.322, 478
2.344, 478
2.369, 478
2.386, 482
2.403, 482
2.420, 482
2.440, 484
2.456, 484
2.497, 486
2.510, 486
2.537, 486
2.553, 484
2.566, 486
2.594, 486
2.624, 484
2.638, 484
2.660, 486
2.683, 484
2.697, 484
2.711, 484
2.725, 484
2.746, 484
2.766, 482
2.782, 482
2.802, 482
2.830, 482
2.845, 482
2.859, 482
2.874, 480
2.892, 480
2.905, 480
2.922, 480
2.936, 480
2.952, 482
2.970, 482
2.984, 482
3.009, 486
3.038, 486
3.067, 488
3.084, 486
3.112, 486
3.132, 490
3.164, 492
3.177, 492
3.209, 490
3.229, 490
3.242, 488
3.255, 488
3.267, 486
3.279, 486
3.292, 486
3.304, 484
3.317, 484
3.333, 484
3.347, 484
3.365, 482
3.384, 484
3.399, 484
3.418, 484
3.435, 484
3.454, 484
3.468, 486
3.496, 486
3.516, 486
3.529, 484
3.548, 486
3.575, 488
3.596, 488
3.615, 488
3.632, 490
3.653, 490
3.667, 490
3.682, 490
3.698, 490
3.711, 488
3.724, 488
3.737, 486
3.751, 486
3.767, 486
3.784, 484
3.797, 484
3.810, 484
3.827, 484
3.843, 484
3.858, 484
3.874, 486
3.886, 484
3.903, 484
3.919, 482
3.933, 482
3.949, 482
3.982, 486
4.000, 486
4.024, 484
4.055, 486
4.090, 490
4.117, 490
4.130, 488
4.142, 486
4.159, 486
4.175, 484
4.192, 484
4.213, 484
4.229, 484
4.248, 484
4.260, 482
4.272, 482
4.284, 480
4.297, 480
4.311, 480
4.323, 480
4.338, 478
4.349, 476
4.360, 474
4.372, 472
4.386, 470
4.398, 470
4.410, 470
4.424, 470
4.443, 470
4.461, 470
4.484, 470
4.501, 472
4.514, 472
4.527, 472
4.539, 470
4.552, 470
4.567, 470
4.584, 470
4.602, 470
4.614, 470
4.629, 470
4.648, 470
4.661, 470
4.673, 468
4.686, 468
4.698, 466
4.713, 468
4.725, 466
4.738, 466
4.750, 466
4.763, 466
4.776, 464
4.788, 464
4.803, 464
4.824, 466
4.844, 466
4.858, 466
4.873, 468
4.886, 466
4.904, 468
4.917, 468
4.931, 468
4.943, 466
4.955, 464
4.967, 464
4.981, 464
4.996, 464
5.015, 464
5.031, 466
5.045, 466
5.057, 464
5.070, 462
5.081, 462
5.093, 460
5.105, 458
5.118, 458
5.131, 458
5.146, 458
5.161, 460
5.176, 460
5.194, 462
5.216, 464
5.232, 478
5.264, 514
5.279, 532
5.299, 554
5.317, 566
5.334, 584
5.351, 600
5.371, 618
5.392, 636
5.407, 650
5.444, 674
5.464, 686
5.488, 702
5.506, 714
5.520, 718
5.537, 726
5.553, 736
5.568, 744
5.583, 752
5.596, 758
5.612, 766
5.626, 774
5.641, 780
5.658, 782
5.672, 786
5.686, 792
5.703, 796
5.716, 806
5.733, 810
5.747, 816
5.772, 824
5.787, 830
5.802, 832
5.816, 836
5.830, 838
5.844, 842
5.861, 846
5.875, 850
5.891, 856
5.908, 858
5.924, 860
5.939, 864
5.956, 864
5.972, 870
5.986, 866
6.003, 868
6.021, 872
6.040, 876
6.057, 880
6.074, 884
6.095, 888
6.109, 890
6.124, 892
6.140, 894
6.161, 896
6.175, 894
6.193, 898
6.209, 902
6.223, 902
6.239, 906
6.254, 906
6.267, 910
6.280, 908
6.293, 908
6.306, 908
6.320, 908
6.336, 910
6.350, 912
6.364, 912
6.378, 910
6.393, 914
6.409, 918
6.424, 920
6.438, 922
6.462, 928
6.478, 932
6.493, 930
6.508, 930
6.523, 932
6.539, 930
6.554, 932
6.567, 918
6.581, 904
6.595, 890
6.610, 876
6.628, 862
6.652, 842
6.685, 818
6.703, 802
6.720, 792
6.739, 776
6.752, 766
6.766, 756
6.780, 746
6.799, 732
6.817, 722
6.835, 714
6.853, 704
6.866, 696
6.880, 688
6.893, 680
6.907, 674
6.934, 660
6.953, 652
6.965, 646
6.987, 640
7.001, 634
7.014, 628
7.027, 622
7.040, 616
7.054, 612
7.068, 606
7.087, 600
7.101, 594
7.129, 588
7.151, 582
7.164, 578
7.176, 574
7.190, 570
7.203, 566
7.226, 562
7.240, 560
7.259, 558
7.276, 554
7.292, 552
7.308, 550
7.321, 550
7.338, 548
