.012, 306
.029, 314
.044, 322
.069, 332
.082, 336
.098, 340
.112, 344
.156, 354
.204, 368
.218, 374
.243, 378
.256, 382
.277, 384
.292, 388
.310, 390
.325, 392
.342, 394
.354, 396
.381, 400
.400, 402
.414, 404
.427, 406
.450, 408
.465, 408
.484, 412
.500, 416
.522, 418
.540, 422
.554, 424
.570, 424
.592, 428
.615, 428
.629, 430
.642, 432
.661, 432
.675, 434
.702, 434
.718, 434
.732, 436
.751, 438
.767, 438
.781, 440
.797, 440
.810, 438
.825, 438
.844, 438
.862, 440
.880, 442
.903, 444
.920, 446
.943, 446
.959, 446
.974, 448
.991, 448
1.004, 448
1.041, 450
1.061, 454
1.080, 454
1.098, 454
1.127, 454
1.140, 454
1.158, 454
1.175, 456
1.196, 458
1.218, 460
1.231, 460
1.249, 460
1.265, 460
1.285, 460
1.298, 460
1.311, 458
1.323, 456
1.335, 456
1.347, 456
1.360, 454
1.373, 454
1.385, 454
1.397, 452
1.409, 452
1.421, 452
1.434, 450
1.446, 450
1.458, 448
1.471, 448
1.484, 448
1.497, 448
1.508, 448
1.521, 446
1.533, 446
1.545, 444
1.557, 444
1.569, 444
1.582, 444
1.594, 444
1.616, 444
1.632, 444
1.655, 446
1.684, 448
1.702, 452
1.720, 454
1.744, 458
1.766, 460
1.788, 460
1.811, 464
1.846, 468
1.863, 470
1.882, 470
1.905, 472
1.920, 474
1.935, 474
1.949, 472
1.963, 472
1.976, 472
1.989, 470
2.031, 474
2.057, 478
2.077, 478
2.103, 482
2.122, 482
2.136, 482
2.149, 482
2.173, 482
2.186, 482
2.200, 480
2.223, 480
2.237, 480
2.256, 480
2.284, 482
2.302, 484
2.317, 484
2.331, 484
2.351, 484
2.376, 484
2.399, 484
2.416, 484
2.434, 486
2.453, 488
2.473, 486
2.497, 488
2.521, 488
2.543, 490
2.565, 490
2.588, 492
2.610, 496
2.624, 496
2.639, 496
2.655, 494
2.689, 496
2.705, 494
2.720, 492
2.738, 494
2.755, 494
2.772, 496
2.786, 496
2.813, 494
2.828, 492
2.842, 492
2.855, 490
2.867, 490
2.881, 488
2.893, 488
2.905, 484
2.926, 482
2.941, 482
2.956, 482
2.973, 482
2.997, 484
3.020, 488
3.037, 488
3.060, 490
3.094, 490
3.116, 492
3.140, 494
3.163, 496
3.179, 498
3.195, 496
3.219, 496
3.244, 498
3.263, 496
3.280, 496
3.300, 496
3.315, 496
3.344, 496
3.365, 496
3.379, 494
3.398, 492
3.411, 492
3.425, 490
3.438, 488
3.451, 488
3.463, 486
3.482, 484
3.504, 484
3.521, 482
3.541, 484
3.561, 482
3.578, 482
3.595, 482
3.609, 482
3.623, 482
3.649, 484
3.677, 486
3.704, 488
3.723, 488
3.751, 490
3.773, 488
3.810, 488
3.825, 488
3.847, 488
3.864, 490
3.884, 492
3.903, 492
3.925, 492
3.955, 496
3.981, 498
4.011, 500
4.035, 500
4.075, 504
4.090, 504
4.114, 502
4.132, 500
4.150, 498
4.170, 498
4.183, 496
4.196, 494
4.213, 494
4.249, 490
4.273, 490
4.294, 490
4.311, 490
4.328, 488
4.347, 488
4.359, 486
4.378, 486
4.396, 486
4.415, 486
4.428, 486
4.447, 486
4.470, 488
4.489, 488
4.503, 488
4.534, 488
4.556, 490
4.572, 490
4.592, 490
4.613, 490
4.627, 490
4.641, 488
4.654, 486
4.680, 486
4.698, 486
4.717, 486
4.752, 488
4.766, 488
4.780, 488
4.812, 488
4.840, 488
4.864, 488
4.889, 490
4.915, 492
4.934, 492
4.949, 492
4.967, 490
4.989, 488
5.002, 488
5.014, 486
5.027, 484
5.039, 484
5.052, 482
5.066, 482
5.079, 480
5.093, 480
5.110, 478
5.128, 478
5.141, 478
5.155, 480
5.189, 482
5.210, 484
5.251, 522
5.276, 560
5.307, 582
5.325, 602
5.349, 622
5.363, 636
5.382, 648
5.401, 664
5.430, 678
5.448, 694
5.469, 712
5.488, 720
5.508, 732
5.525, 744
5.548, 756
5.563, 762
5.581, 770
5.600, 780
5.622, 792
5.636, 798
5.652, 800
5.669, 810
5.698, 818
5.713, 822
5.733, 828
5.751, 834
5.773, 842
5.790, 846
5.804, 848
5.820, 852
5.840, 854
5.857, 858
5.873, 862
5.889, 864
5.906, 870
5.921, 872
5.938, 878
5.956, 878
5.971, 882
5.985, 884
6.001, 888
6.018, 890
6.034, 892
6.051, 894
6.067, 896
6.080, 902
6.098, 900
6.111, 902
6.125, 902
6.137, 902
6.150, 904
6.165, 906
6.179, 906
6.194, 910
6.209, 908
6.222, 908
6.237, 910
6.256, 912
6.279, 916
6.295, 916
6.314, 916
6.333, 922
6.360, 920
6.380, 922
6.395, 922
6.413, 924
6.430, 928
6.445, 930
6.460, 932
6.476, 938
6.491, 934
6.505, 932
6.521, 934
6.540, 926
6.573, 894
6.596, 878
6.621, 850
6.646, 828
6.677, 806
6.691, 794
6.718, 778
6.740, 760
6.760, 748
6.779, 734
6.797, 724
6.815, 712
6.828, 704
6.840, 696
6.853, 688
6.866, 678
6.879, 672
6.892, 664
6.909, 656
6.932, 646
6.948, 640
6.966, 632
6.991, 622
7.014, 616
7.031, 610
7.051, 604
7.075, 596
7.089, 592
7.109, 584
7.127, 580
7.140, 576
7.156, 572
7.180, 564
7.192, 560
7.231, 556
7.251, 552
7.273, 550
7.293, 550
