.007, 296
.034, 302
.056, 318
.071, 322
.086, 328
.100, 332
.115, 336
.152, 348
.167, 352
.184, 356
.212, 364
.230, 372
.243, 376
.256, 380
.273, 384
.286, 386
.318, 392
.339, 396
.363, 400
.377, 402
.391, 404
.410, 406
.423, 408
.435, 408
.447, 408
.461, 410
.479, 410
.496, 412
.511, 416
.526, 418
.543, 420
.558, 424
.572, 426
.588, 426
.607, 430
.641, 434
.665, 438
.680, 440
.694, 442
.711, 442
.726, 444
.738, 442
.759, 442
.772, 442
.787, 444
.811, 444
.824, 446
.849, 448
.874, 448
.888, 448
.912, 450
.928, 450
.941, 450
.955, 452
.970, 452
.987, 452
1.002, 452
1.015, 450
1.032, 450
1.045, 450
1.057, 448
1.069, 448
1.082, 446
1.094, 446
1.106, 444
1.118, 444
1.130, 444
1.145, 444
1.158, 444
1.172, 444
1.199, 444
1.216, 446
1.235, 450
1.249, 450
1.271, 452
1.291, 454
1.310, 454
1.330, 456
1.359, 458
1.377, 460
1.391, 460
1.406, 460
1.422, 458
1.444, 458
1.459, 458
1.474, 460
1.487, 460
1.503, 460
1.518, 460
1.530, 460
1.542, 458
1.556, 458
1.569, 458
1.582, 456
1.595, 456
1.607, 454
1.619, 452
1.631, 452
1.643, 450
1.655, 450
1.668, 450
1.682, 450
1.694, 450
1.707, 448
1.719, 448
1.732, 448
1.744, 446
1.758, 446
1.773, 448
1.788, 448
1.803, 450
1.819, 452
1.847, 456
1.873, 460
1.895, 462
1.927, 466
1.942, 466
1.969, 468
1.994, 470
2.016, 474
2.036, 476
2.056, 478
2.075, 476
2.094, 478
2.113, 482
2.138, 484
2.157, 484
2.171, 486
2.186, 486
2.200, 486
2.214, 486
2.234, 486
2.252, 486
2.266, 486
2.281, 486
2.303, 488
2.319, 486
2.339, 490
2.362, 488
2.391, 490
2.435, 494
2.465, 496
2.481, 494
2.499, 494
2.520, 496
2.550, 494
2.578, 496
2.600, 496
2.616, 494
2.630, 494
2.644, 492
2.657, 492
2.684, 490
2.697, 490
2.713, 490
2.727, 488
2.755, 490
2.773, 492
2.786, 490
2.811, 490
2.834, 490
2.856, 490
2.872, 490
2.898, 492
2.913, 492
2.927, 492
2.943, 492
2.956, 492
2.996, 492
3.016, 490
3.034, 492
3.057, 492
3.073, 492
3.089, 492
3.105, 492
3.121, 492
3.137, 492
3.149, 490
3.162, 490
3.174, 488
3.187, 486
3.204, 486
3.223, 488
3.258, 490
3.282, 492
3.297, 492
3.325, 492
3.346, 492
3.372, 492
3.385, 492
3.417, 494
3.441, 494
3.475, 496
3.499, 498
3.517, 498
3.535, 496
3.565, 494
3.578, 494
3.592, 492
3.607, 492
3.628, 492
3.646, 492
3.669, 490
3.682, 490
3.695, 490
3.707, 488
3.720, 488
3.732, 486
3.746, 486
3.758, 484
3.771, 484
3.786, 482
3.802, 482
3.818, 484
3.832, 482
3.849, 484
3.873, 486
3.888, 486
3.904, 486
3.925, 486
3.940, 486
3.956, 484
3.969, 484
3.986, 484
4.002, 486
4.023, 486
4.050, 490
4.064, 490
4.082, 490
4.097, 490
4.117, 490
4.142, 488
4.155, 488
4.168, 486
4.181, 486
4.196, 484
4.211, 484
4.228, 486
4.243, 484
4.263, 486
4.284, 486
4.319, 488
4.336, 488
4.356, 488
4.370, 488
4.383, 486
4.401, 486
4.415, 486
4.431, 486
4.445, 484
4.463, 486
4.478, 486
4.492, 486
4.505, 486
4.518, 484
4.539, 484
4.562, 482
4.576, 482
4.596, 484
4.620, 486
4.632, 484
4.646, 484
4.671, 482
4.703, 482
4.717, 480
4.729, 478
4.741, 476
4.752, 474
4.764, 474
4.776, 472
4.790, 470
4.804, 470
4.821, 470
4.839, 472
4.863, 476
4.878, 476
4.895, 476
4.913, 476
4.934, 476
4.953, 478
4.979, 476
4.993, 476
5.020, 478
5.034, 478
5.052, 478
5.078, 480
5.093, 480
5.107, 480
5.127, 480
5.153, 480
5.176, 482
5.201, 484
5.240, 484
5.263, 482
5.280, 482
5.319, 494
5.335, 510
5.349, 526
5.364, 540
5.390, 564
5.410, 586
5.434, 608
5.450, 622
5.467, 636
5.486, 648
5.501, 660
5.523, 668
5.547, 684
5.561, 692
5.578, 700
5.592, 712
5.606, 716
5.618, 722
5.631, 728
5.646, 736
5.660, 742
5.675, 750
5.689, 756
5.704, 760
5.719, 766
5.733, 774
5.748, 778
5.762, 784
5.775, 788
5.789, 792
5.803, 798
5.816, 802
5.830, 804
5.843, 808
5.856, 810
5.869, 814
5.882, 816
5.896, 818
5.912, 824
5.928, 826
5.941, 828
5.956, 834
5.971, 834
5.986, 838
6.007, 844
6.030, 846
6.048, 852
6.066, 856
6.082, 858
6.096, 860
6.110, 866
6.127, 868
6.142, 872
6.156, 872
6.170, 874
6.184, 874
6.197, 876
6.210, 878
6.224, 880
6.237, 878
6.250, 876
6.263, 878
6.278, 882
6.292, 886
6.309, 888
6.323, 888
6.348, 892
6.362, 894
6.383, 898
6.396, 896
6.412, 900
6.426, 898
6.442, 900
6.456, 900
6.469, 900
6.483, 906
6.506, 908
6.519, 906
6.533, 910
6.550, 910
6.564, 912
6.578, 914
6.593, 912
6.607, 912
6.643, 912
6.657, 910
6.672, 912
6.710, 892
6.753, 856
6.782, 826
6.804, 808
6.820, 796
6.846, 776
6.877, 762
6.915, 732
6.931, 724
6.957, 708
6.970, 702
6.985, 694
6.999, 686
7.017, 676
7.034, 666
7.053, 658
7.066, 650
7.088, 642
7.104, 636
7.122, 630
7.136, 624
7.150, 618
7.180, 606
7.200, 598
7.216, 594
7.236, 590
7.253, 586
7.267, 582
7.281, 578
7.319, 566
7.335, 562
7.355, 558
7.373, 554
7.401, 552
7.414, 550
7.428, 548
7.444, 544
